0 	 1	 60
1.0	 0.0	 0.0	 -0.18400001525878906
0.0	 1.0	 0.0	 -0.008000016212463379
0.0	 0.0	 1.0	 0.15400022268295288
0.0	 0.0	 0.0	 1.0
0 	 2	 60
0.9412842988967896	 0.0992233157157898	 -0.32270506024360657	 -0.27316081523895264
-0.08058731257915497	 0.9942411780357361	 0.07064138352870941	 -0.1740192174911499
0.3278559148311615	 -0.04048769548535347	 0.9438597559928894	 0.3881215453147888
0.0	 0.0	 0.0	 1.0
0 	 3	 60
0.9412842988967896	 0.08058731257915497	 -0.3278559148311615	 -0.34165525436401367
-0.0992233157157898	 0.9942411780357361	 -0.04048769548535347	 -0.5865155458450317
0.32270506024360657	 0.07064138352870941	 0.9438597559928894	 0.6187788248062134
0.0	 0.0	 0.0	 1.0
0 	 4	 60
0.9862585067749023	 -0.08302602916955948	 0.14283165335655212	 0.007824540138244629
0.09062214940786362	 0.9947512149810791	 -0.04751484468579292	 -0.5461350679397583
-0.13813699781894684	 0.05980563163757324	 0.988605797290802	 0.4864123463630676
0.0	 0.0	 0.0	 1.0
0 	 5	 60
0.9454514384269714	 -0.1559332311153412	 0.28601810336112976	 0.06444060802459717
0.18608692288398743	 0.9791643023490906	 -0.0812951922416687	 -0.2357797622680664
-0.26738211512565613	 0.13008488714694977	 0.954769492149353	 0.31731051206588745
0.0	 0.0	 0.0	 1.0
0 	 6	 60
0.9412842988967896	 -0.08058731257915497	 0.3278559148311615	 0.23350608348846436
0.0992233157157898	 0.9942411780357361	 -0.04048769548535347	 -0.0561978816986084
-0.32270506024360657	 0.07064138352870941	 0.9438597559928894	 0.2860059142112732
0.0	 0.0	 0.0	 1.0
0 	 10	 60
0.988605797290802	 -0.14283165335655212	 -0.04751484468579292	 0.7727025747299194
0.13813699781894684	 0.9862585067749023	 -0.09062214940786362	 -0.10457241535186768
0.05980563163757324	 0.08302602916955948	 0.9947512149810791	 0.1927449107170105
0.0	 0.0	 0.0	 1.0
0 	 11	 60
0.9858574867248535	 -0.16450044512748718	 0.03200891986489296	 0.5084480047225952
0.16579802334308624	 0.9852087497711182	 -0.04329879209399223	 -0.20802664756774902
-0.024412794038653374	 0.047993455082178116	 0.9985492825508118	 0.40185028314590454
0.0	 0.0	 0.0	 1.0
0 	 12	 60
0.9848077297210693	 -0.14771395921707153	 -0.09129224717617035	 0.18074190616607666
0.14771395921707153	 0.989006757736206	 -0.0067941793240606785	 -0.36755263805389404
0.09129224717617035	 -0.0067941793240606785	 0.9958009719848633	 0.6946055889129639
0.0	 0.0	 0.0	 1.0
0 	 13	 60
0.9848077297210693	 -0.09129224717617035	 -0.14771395921707153	 -0.12041676044464111
0.09129224717617035	 0.9958009719848633	 -0.0067941793240606785	 -0.46551597118377686
0.14771395921707153	 -0.0067941793240606785	 0.989006757736206	 0.665489673614502
0.0	 0.0	 0.0	 1.0
0 	 14	 60
0.9848077297210693	 -0.1736481785774231	 0.0	 -0.33404862880706787
0.1736481785774231	 0.9848077297210693	 0.0	 -0.4782421588897705
0.0	 0.0	 1.0	 0.9420000314712524
0.0	 0.0	 0.0	 1.0
0 	 15	 60
0.875074565410614	 -0.44644176959991455	 0.186907097697258	 -0.036170244216918945
0.41622671484947205	 0.8912473917007446	 0.180092915892601	 -0.5987856388092041
-0.2469814568758011	 -0.07979899644851685	 0.9657288789749146	 1.0445122718811035
0.0	 0.0	 0.0	 1.0
0 	 19	 60
0.7720803618431091	 -0.425195574760437	 0.4723352789878845	 -0.024499058723449707
0.47733792662620544	 0.8786545991897583	 0.010705970227718353	 -0.17117714881896973
-0.4195716977119446	 0.21719768643379211	 0.8813539147377014	 0.3359547257423401
0.0	 0.0	 0.0	 1.0
0 	 26	 60
0.7722193002700806	 0.20511484146118164	 -0.6013362407684326	 2.404768466949463
-0.13281859457492828	 0.9776592254638672	 0.16291606426239014	 -0.6287794709205627
0.6213184595108032	 -0.04593828693032265	 0.7822103500366211	 0.7023360133171082
0.0	 0.0	 0.0	 1.0
0 	 27	 60
0.3593863248825073	 0.34867629408836365	 -0.8656017184257507	 2.0489134788513184
-0.14534933865070343	 0.937168538570404	 0.3171572983264923	 -1.0097365379333496
0.921799898147583	 0.011832643300294876	 0.38748544454574585	 1.2228493690490723
0.0	 0.0	 0.0	 1.0
0 	 28	 60
0.19545824825763702	 0.3865504264831543	 -0.901318371295929	 1.5223647356033325
-0.13119365274906158	 0.9210904240608215	 0.36657968163490295	 -1.2516405582427979
0.9718972444534302	 0.046596236526966095	 0.23074768483638763	 1.7469711303710938
0.0	 0.0	 0.0	 1.0
0 	 29	 60
0.3593863248825073	 0.34867629408836365	 -0.8656017184257507	 1.022422194480896
-0.14534933865070343	 0.937168538570404	 0.3171572983264923	 -1.2586579322814941
0.921799898147583	 0.011832643300294876	 0.38748544454574585	 1.7592744827270508
0.0	 0.0	 0.0	 1.0
0 	 39	 60
0.6768983602523804	 -0.47232532501220703	 0.5645506381988525	 -0.4538639187812805
0.2937191128730774	 0.8765861392021179	 0.3812161982059479	 -0.7001127004623413
-0.6749353408813477	 -0.09222530573606491	 0.7320907115936279	 0.37834280729293823
0.0	 0.0	 0.0	 1.0
1 	 2	 60
0.9852087497711182	 0.047993455082178116	 -0.16450044512748718	 -0.3381904363632202
-0.04329879209399223	 0.9985492825508118	 0.03200891986489296	 -0.17861580848693848
0.16579802334308624	 -0.024412794038653374	 0.9858574867248535	 0.21174860000610352
0.0	 0.0	 0.0	 1.0
1 	 3	 60
0.9510460495948792	 0.06631509959697723	 -0.30185049772262573	 -0.12003719806671143
-0.11146143823862076	 0.9845731854438782	 -0.13487768173217773	 -0.4079040288925171
0.28824949264526367	 0.16191957890987396	 0.9437659978866577	 0.5016912221908569
0.0	 0.0	 0.0	 1.0
1 	 4	 60
0.9412485361099243	 -0.2333935797214508	 0.24408741295337677	 0.021652698516845703
0.24683447182178497	 0.9687204360961914	 -0.025562290102243423	 -0.4887204170227051
-0.23048639297485352	 0.0843096524477005	 0.9694162607192993	 0.39489293098449707
0.0	 0.0	 0.0	 1.0
1 	 5	 60
0.875074565410614	 -0.41622671484947205	 0.2469814568758011	 0.27854132652282715
0.44644176959991455	 0.8912473917007446	 -0.07979899644851685	 -0.19989407062530518
-0.186907097697258	 0.180092915892601	 0.9657288789749146	 0.20908570289611816
0.0	 0.0	 0.0	 1.0
1 	 10	 60
0.989006757736206	 -0.14771395921707153	 0.0067941793240606785	 0.8824297189712524
0.14771395921707153	 0.9848077297210693	 -0.09129224717617035	 -0.011948347091674805
0.0067941793240606785	 0.09129224717617035	 0.9958009719848633	 0.023639798164367676
0.0	 0.0	 0.0	 1.0
1 	 11	 60
0.9396926164627075	 -0.3290022909641266	 0.09346266090869904	 0.5731412172317505
0.3290022909641266	 0.9441960453987122	 0.015852732583880424	 -0.24263834953308105
-0.09346266090869904	 0.015852732583880424	 0.9954965710639954	 0.2213062047958374
0.0	 0.0	 0.0	 1.0
1 	 12	 60
0.9858574867248535	 -0.16579802334308624	 -0.024412794038653374	 0.3119821548461914
0.16450044512748718	 0.9852087497711182	 -0.047993455082178116	 -0.3012775182723999
0.03200891986489296	 0.04329879209399223	 0.9985492825508118	 0.5313841700553894
0.0	 0.0	 0.0	 1.0
1 	 13	 60
0.9875560402870178	 -0.12330117076635361	 -0.09762098640203476	 -0.036405324935913086
0.11570504307746887	 0.990056574344635	 -0.08000237494707108	 -0.3230394124984741
0.10651468485593796	 0.06771159172058105	 0.9920029044151306	 0.565948486328125
0.0	 0.0	 0.0	 1.0
1 	 14	 60
0.9396926164627075	 -0.3420201539993286	 0.0	 -0.11471271514892578
0.3420201539993286	 0.9396926164627075	 0.0	 -0.5154979228973389
0.0	 0.0	 1.0	 0.7880000472068787
0.0	 0.0	 0.0	 1.0
1 	 26	 60
0.8660253882408142	 0.0	 -0.5	 2.3700380325317383
0.0	 1.0	 0.0	 -0.06999993324279785
0.5	 0.0	 0.8660253882408142	 0.26851069927215576
0.0	 0.0	 0.0	 1.0
1 	 27	 60
0.8660253882408142	 -0.4253253936767578	 0.2628655433654785	 -1.0779838562011719
0.4253253936767578	 0.9030550718307495	 0.05991525948047638	 -0.4600381851196289
-0.2628655433654785	 0.05991525948047638	 0.9629703164100647	 -0.12161552906036377
0.0	 0.0	 0.0	 1.0
1 	 28	 60
0.19545824825763702	 0.13119365274906158	 -0.9718972444534302	 1.8654457330703735
-0.3865504264831543	 0.9210904240608215	 0.046596236526966095	 -0.4871023893356323
0.901318371295929	 0.36657968163490295	 0.23074768483638763	 1.6839652061462402
0.0	 0.0	 0.0	 1.0
1 	 29	 60
0.3593863248825073	 0.14534933865070343	 -0.921799898147583	 1.4078246355056763
-0.34867629408836365	 0.937168538570404	 0.011832643300294876	 -0.7392683029174805
0.8656017184257507	 0.3171572983264923	 0.38748544454574585	 1.5469582080841064
0.0	 0.0	 0.0	 1.0
1 	 31	 60
-0.1736481785774231	 0.5177440643310547	 -0.8377274870872498	 0.24946081638336182
-0.5177440643310547	 0.6756116151809692	 0.5248714089393616	 -1.2745386362075806
0.8377274870872498	 0.5248714089393616	 0.15074020624160767	 1.720262885093689
0.0	 0.0	 0.0	 1.0
1 	 32	 60
-0.6427876353263855	 0.40273338556289673	 -0.6516363024711609	 0.4753718376159668
-0.40273338556289673	 0.5459446907043457	 0.7346769571304321	 -1.2096381187438965
0.6516363024711609	 0.7346769571304321	 -0.18873228132724762	 2.0415380001068115
0.0	 0.0	 0.0	 1.0
1 	 40	 60
0.9872065782546997	 -0.1147235706448555	 -0.1107325628399849	 -0.4218864440917969
0.0477362759411335	 0.8752828240394592	 -0.4812496602535248	 0.28149330615997314
0.15213298797607422	 0.46980684995651245	 0.8695614337921143	 -0.28268587589263916
0.0	 0.0	 0.0	 1.0
2 	 3	 60
0.9985492825508118	 0.024412794038653374	 -0.047993455082178116	 0.10631656646728516
-0.03200891986489296	 0.9858574867248535	 -0.16450044512748718	 -0.24328267574310303
0.04329879209399223	 0.16579802334308624	 0.9852087497711182	 0.19156312942504883
0.0	 0.0	 0.0	 1.0
2 	 11	 60
0.8902616500854492	 -0.3106018304824829	 0.33310768008232117	 0.751995325088501
0.3775891363620758	 0.9123125076293945	 -0.1584688425064087	 0.36800289154052734
-0.25467756390571594	 0.2668565511703491	 0.9294766783714294	 -0.13857567310333252
0.0	 0.0	 0.0	 1.0
2 	 12	 60
0.9437659978866577	 -0.28824949264526367	 0.16191957890987396	 0.6677007675170898
0.30185049772262573	 0.9510460495948792	 -0.06631509959697723	 -0.06550979614257812
-0.13487768173217773	 0.11146143823862076	 0.9845731854438782	 0.17897844314575195
0.0	 0.0	 0.0	 1.0
2 	 13	 60
0.9437659978866577	 -0.28824949264526367	 0.16191957890987396	 0.20014357566833496
0.30185049772262573	 0.9510460495948792	 -0.06631509959697723	 -0.2394728660583496
-0.13487768173217773	 0.11146143823862076	 0.9845731854438782	 0.24644863605499268
0.0	 0.0	 0.0	 1.0
2 	 14	 60
0.9396926164627075	 -0.29093971848487854	 0.17981062829494476	 0.3613584041595459
0.29093971848487854	 0.9563611745834351	 0.026970280334353447	 -0.4517073631286621
-0.17981062829494476	 0.026970280334353447	 0.9833314418792725	 0.5280197262763977
0.0	 0.0	 0.0	 1.0
2 	 27	 60
0.513196587562561	 0.150394007563591	 -0.8449916243553162	 2.7794623374938965
-0.30490249395370483	 0.9522542357444763	 -0.015694355592131615	 0.14791595935821533
0.8022865653038025	 0.26569435000419617	 0.5345491766929626	 0.5191866159439087
0.0	 0.0	 0.0	 1.0
2 	 28	 60
0.513196587562561	 0.150394007563591	 -0.8449916243553162	 2.320612907409668
-0.30490249395370483	 0.9522542357444763	 -0.015694355592131615	 -0.18722379207611084
0.8022865653038025	 0.26569435000419617	 0.5345491766929626	 0.7589298486709595
0.0	 0.0	 0.0	 1.0
2 	 29	 60
0.513196587562561	 0.150394007563591	 -0.8449916243553162	 1.8979554176330566
-0.30490249395370483	 0.9522542357444763	 -0.015694355592131615	 -0.5659869909286499
0.8022865653038025	 0.26569435000419617	 0.5345491766929626	 1.0218439102172852
0.0	 0.0	 0.0	 1.0
2 	 30	 60
0.3420201539993286	 0.49402564764022827	 -0.7993502616882324	 1.316704273223877
-0.49402564764022827	 0.818138837814331	 0.2942575514316559	 -1.264735221862793
0.7993502616882324	 0.2942575514316559	 0.5238813161849976	 1.1848070621490479
0.0	 0.0	 0.0	 1.0
2 	 31	 60
-1.1102230246251565e-16	 0.525731086730957	 -0.8506507873535156	 0.9760661125183105
-0.525731086730957	 0.7236068248748779	 0.4472135901451111	 -1.0814440250396729
0.8506507873535156	 0.4472135901451111	 0.27639320492744446	 1.4019602537155151
0.0	 0.0	 0.0	 1.0
2 	 40	 60
0.9872065782546997	 -0.0477362759411335	 0.15213298797607422	 -0.4645336866378784
0.1147235706448555	 0.8752828240394592	 -0.46980684995651245	 0.3727000951766968
-0.1107325628399849	 0.4812496602535248	 0.8695614337921143	 -0.44177746772766113
0.0	 0.0	 0.0	 1.0
2 	 41	 60
0.9899954795837402	 -0.1366332620382309	 0.03521730750799179	 -0.17238736152648926
0.1366332620382309	 0.8660253882408142	 -0.4809691905975342	 0.08106529712677002
0.03521730750799179	 0.4809691905975342	 0.876029908657074	 -0.27675509452819824
0.0	 0.0	 0.0	 1.0
2 	 42	 60
0.9872065782546997	 -0.0477362759411335	 0.15213298797607422	 -0.18422985076904297
0.1147235706448555	 0.8752828240394592	 -0.46980684995651245	 -0.09825336933135986
-0.1107325628399849	 0.4812496602535248	 0.8695614337921143	 0.1685631275177002
0.0	 0.0	 0.0	 1.0
3 	 4	 60
0.8660253882408142	 -0.2628655433654785	 0.4253253936767578	 0.2764187455177307
0.2628655433654785	 0.9629703164100647	 0.05991525948047638	 0.04913175106048584
-0.4253253936767578	 0.05991525948047638	 0.9030550718307495	 -0.1976701021194458
0.0	 0.0	 0.0	 1.0
3 	 5	 60
0.7660444378852844	 -0.3379334509372711	 0.5467877984046936	 0.21114599704742432
0.3379334509372711	 0.9353362917900085	 0.10462810844182968	 0.10464227199554443
-0.5467877984046936	 0.10462810844182968	 0.8307081460952759	 -0.3926750421524048
0.0	 0.0	 0.0	 1.0
3 	 10	 60
0.9412842988967896	 -0.0992233157157898	 0.32270506024360657	 0.7568758130073547
0.08058731257915497	 0.9942411780357361	 0.07064138352870941	 0.27290284633636475
-0.3278559148311615	 -0.04048769548535347	 0.9438597559928894	 -0.7788500785827637
0.0	 0.0	 0.0	 1.0
3 	 11	 60
0.8660253882408142	 -0.2628655433654785	 0.4253253936767578	 0.4746418595314026
0.2628655433654785	 0.9629703164100647	 0.05991525948047638	 0.37674033641815186
-0.4253253936767578	 0.05991525948047638	 0.9030550718307495	 -0.44898056983947754
0.0	 0.0	 0.0	 1.0
3 	 12	 60
0.9412485361099243	 -0.24683447182178497	 0.23048639297485352	 0.5224859118461609
0.2333935797214508	 0.9687204360961914	 0.0843096524477005	 0.20693600177764893
-0.24408741295337677	 -0.025562290102243423	 0.9694162607192993	 -0.13596975803375244
0.0	 0.0	 0.0	 1.0
3 	 13	 60
0.9396926164627075	 -0.29093971848487854	 0.17981062829494476	 0.1423656940460205
0.29093971848487854	 0.9563611745834351	 0.026970280334353447	 0.18115246295928955
-0.17981062829494476	 0.026970280334353447	 0.9833314418792725	 0.018880128860473633
0.0	 0.0	 0.0	 1.0
3 	 14	 60
0.8694818615913391	 -0.36595287919044495	 0.3317826986312866	 0.016679465770721436
0.33609357476234436	 0.9305115938186646	 0.14556550979614258	 -0.017906785011291504
-0.3619977533817291	 -0.015056530945003033	 0.9320573806762695	 0.36653590202331543
0.0	 0.0	 0.0	 1.0
3 	 26	 60
0.9441960453987122	 0.015852732583880424	 -0.3290022909641266	 2.5784733295440674
0.015852732583880424	 0.9954965710639954	 0.09346266090869904	 0.37087976932525635
0.3290022909641266	 -0.09346266090869904	 0.9396926164627075	 -0.817200779914856
0.0	 0.0	 0.0	 1.0
3 	 27	 60
0.6522156000137329	 0.2565590441226959	 -0.7132967710494995	 2.4548914432525635
-0.146174356341362	 0.9658892750740051	 0.2137545645236969	 -0.01588451862335205
0.7438063621520996	 -0.035148367285728455	 0.667470395565033	 -0.24126017093658447
0.0	 0.0	 0.0	 1.0
3 	 28	 60
0.513196587562561	 0.30490249395370483	 -0.8022865653038025	 2.174954652786255
-0.150394007563591	 0.9522542357444763	 0.26569435000419617	 -0.32687705755233765
0.8449916243553162	 -0.015694355592131615	 0.5345491766929626	 0.439395546913147
0.0	 0.0	 0.0	 1.0
3 	 29	 60
0.6522156000137329	 0.2565590441226959	 -0.7132967710494995	 1.6193716526031494
-0.146174356341362	 0.9658892750740051	 0.2137545645236969	 -0.3933396339416504
0.7438063621520996	 -0.035148367285728455	 0.667470395565033	 0.6082871556282043
0.0	 0.0	 0.0	 1.0
3 	 30	 60
0.3593863248825073	 0.34867629408836365	 -0.8656017184257507	 1.3605082035064697
-0.14534933865070343	 0.937168538570404	 0.3171572983264923	 -0.6864129900932312
0.921799898147583	 0.011832643300294876	 0.38748544454574585	 1.2087738513946533
0.0	 0.0	 0.0	 1.0
3 	 40	 60
0.9791643023490906	 -0.0812951922416687	 0.18608692288398743	 -0.5693234801292419
0.13008488714694977	 0.954769492149353	 -0.26738211512565613	 0.31600165367126465
-0.1559332311153412	 0.28601810336112976	 0.9454514384269714	 -0.7762323617935181
0.0	 0.0	 0.0	 1.0
3 	 41	 60
0.9845731854438782	 -0.13487768173217773	 0.11146143823862076	 -0.4124976396560669
0.16191957890987396	 0.9437659978866577	 -0.28824949264526367	 0.11081373691558838
-0.06631509959697723	 0.30185049772262573	 0.9510460495948792	 -0.5774351358413696
0.0	 0.0	 0.0	 1.0
3 	 42	 60
0.9791643023490906	 -0.0812951922416687	 0.18608692288398743	 -0.2594141364097595
0.13008488714694977	 0.954769492149353	 -0.26738211512565613	 0.034847259521484375
-0.1559332311153412	 0.28601810336112976	 0.9454514384269714	 -0.08439016342163086
0.0	 0.0	 0.0	 1.0
3 	 43	 60
0.9845731854438782	 -0.13487768173217773	 0.11146143823862076	 -0.1276131272315979
0.16191957890987396	 0.9437659978866577	 -0.28824949264526367	 -0.09342169761657715
-0.06631509959697723	 0.30185049772262573	 0.9510460495948792	 0.34850674867630005
0.0	 0.0	 0.0	 1.0
3 	 44	 60
0.9123125076293945	 -0.1584688425064087	 0.3775891363620758	 -0.11533087491989136
0.2668565511703491	 0.9294766783714294	 -0.25467756390571594	 -0.16981732845306396
-0.3106018304824829	 0.33310768008232117	 0.8902616500854492	 0.6999245882034302
0.0	 0.0	 0.0	 1.0
3 	 45	 60
0.8100887537002563	 -0.07948527485132217	 0.580894410610199	 0.024805903434753418
0.2546253204345703	 0.9401534199714661	 -0.22644522786140442	 -0.18029963970184326
-0.528130829334259	 0.3313511610031128	 0.7818467020988464	 1.0048474073410034
0.0	 0.0	 0.0	 1.0
4 	 5	 60
0.9858574867248535	 -0.16450044512748718	 0.03200891986489296	 0.34503471851348877
0.16579802334308624	 0.9852087497711182	 -0.04329879209399223	 0.22848200798034668
-0.024412794038653374	 0.047993455082178116	 0.9985492825508118	 -0.15410804748535156
0.0	 0.0	 0.0	 1.0
4 	 6	 60
0.9848077297210693	 -0.09129224717617035	 0.14771395921707153	 0.33898329734802246
0.09129224717617035	 0.9958009719848633	 0.0067941793240606785	 0.3944910764694214
-0.14771395921707153	 0.0067941793240606785	 0.989006757736206	 -0.14546453952789307
0.0	 0.0	 0.0	 1.0
4 	 7	 60
1.0	 0.0	 0.0	 1.0119998455047607
0.0	 1.0	 0.0	 0.5679999589920044
0.0	 0.0	 1.0	 -0.3059999942779541
0.0	 0.0	 0.0	 1.0
4 	 9	 60
0.9851996898651123	 0.12021611630916595	 0.12218685448169708	 1.3461506366729736
-0.12360205501317978	 0.9921202659606934	 0.02049209550023079	 0.23756873607635498
-0.11876057833433151	 -0.03529135137796402	 0.9922955632209778	 -0.29081058502197266
0.0	 0.0	 0.0	 1.0
4 	 10	 60
0.9848077297210693	 0.09129224717617035	 -0.14771395921707153	 0.7589030265808105
-0.09129224717617035	 0.9958009719848633	 0.0067941793240606785	 0.23015356063842773
0.14771395921707153	 0.0067941793240606785	 0.989006757736206	 -0.2220402956008911
0.0	 0.0	 0.0	 1.0
4 	 11	 60
0.9875560402870178	 -0.11570504307746887	 -0.10651468485593796	 0.5449656248092651
0.12330117076635361	 0.990056574344635	 0.06771159172058105	 0.1442859172821045
0.09762098640203476	 -0.08000237494707108	 0.9920029044151306	 -0.06271505355834961
0.0	 0.0	 0.0	 1.0
4 	 12	 60
0.9859422445297241	 0.003993518650531769	 -0.16703884303569794	 0.10101509094238281
0.003993518650531769	 0.99886554479599	 0.047452233731746674	 0.1351102590560913
0.16703884303569794	 -0.047452233731746674	 0.9848077297210693	 0.15259814262390137
0.0	 0.0	 0.0	 1.0
4 	 13	 60
0.9412842988967896	 -0.08058731257915497	 -0.3278559148311615	 -0.08637714385986328
0.0992233157157898	 0.9942411780357361	 0.04048769548535347	 0.133536696434021
0.32270506024360657	 -0.07064138352870941	 0.9438597559928894	 0.18732059001922607
0.0	 0.0	 0.0	 1.0
4 	 14	 60
0.9605283141136169	 -0.12107501178979874	 -0.2504520118236542	 -0.21357977390289307
0.1698646992444992	 0.9682546257972717	 0.18338212370872498	 -0.16355186700820923
0.22029832005500793	 -0.21868667006492615	 0.9506023526191711	 0.3883475661277771
0.0	 0.0	 0.0	 1.0
4 	 15	 60
0.954769492149353	 -0.28601810336112976	 0.0812951922416687	 -0.10343503952026367
0.26738211512565613	 0.9454514384269714	 0.18608692288398743	 0.0002620220184326172
-0.13008488714694977	 -0.1559332311153412	 0.9791643023490906	 0.4831615686416626
0.0	 0.0	 0.0	 1.0
4 	 18	 60
0.7660444378852844	 -0.3379334509372711	 0.5467877984046936	 0.049091219902038574
0.3379334509372711	 0.9353362917900085	 0.10462810844182968	 0.055706143379211426
-0.5467877984046936	 0.10462810844182968	 0.8307081460952759	 0.12017405033111572
0.0	 0.0	 0.0	 1.0
4 	 19	 60
0.8660253882408142	 -0.4253253936767578	 0.2628655433654785	 0.19879627227783203
0.4253253936767578	 0.9030550718307495	 0.05991525948047638	 0.3123183250427246
-0.2628655433654785	 0.05991525948047638	 0.9629703164100647	 -0.18468832969665527
0.0	 0.0	 0.0	 1.0
4 	 25	 60
0.876029908657074	 0.03521730750799179	 -0.4809691905975342	 2.4740967750549316
0.03521730750799179	 0.9899954795837402	 0.1366332620382309	 0.23263943195343018
0.4809691905975342	 -0.1366332620382309	 0.8660253882408142	 0.18773293495178223
0.0	 0.0	 0.0	 1.0
4 	 26	 60
0.6522156000137329	 0.2565590441226959	 -0.7132967710494995	 2.4119691848754883
-0.146174356341362	 0.9658892750740051	 0.2137545645236969	 -0.1545892357826233
0.7438063621520996	 -0.035148367285728455	 0.667470395565033	 0.6369920969009399
0.0	 0.0	 0.0	 1.0
4 	 27	 60
0.9396926164627075	 -0.3420201539993286	 0.0	 -0.660228967666626
0.3420201539993286	 0.9396926164627075	 0.0	 0.48306334018707275
0.0	 0.0	 1.0	 -0.7719999551773071
0.0	 0.0	 0.0	 1.0
4 	 37	 60
0.5477457642555237	 -0.5580127239227295	 0.6233749985694885	 -0.44188427925109863
0.3080126941204071	 0.8272542357444763	 0.46987080574035645	 -0.5403371453285217
-0.7778835296630859	 -0.06536231935024261	 0.625	 0.7523502111434937
0.0	 0.0	 0.0	 1.0
4 	 38	 60
0.7883852124214172	 -0.37988269329071045	 0.4838779866695404	 -0.8022353649139404
0.26290491223335266	 0.9191703200340271	 0.2932693064212799	 -0.05252540111541748
-0.5561742186546326	 -0.10399528592824936	 0.8245333433151245	 0.10068964958190918
0.0	 0.0	 0.0	 1.0
4 	 39	 60
0.8100887537002563	 -0.2546253204345703	 0.528130829334259	 -0.4513881206512451
0.07948527485132217	 0.9401534199714661	 0.3313511610031128	 -0.08130156993865967
-0.580894410610199	 -0.22644522786140442	 0.7818467020988464	 -0.12513506412506104
0.0	 0.0	 0.0	 1.0
5 	 6	 60
0.9858574867248535	 0.16450044512748718	 0.03200891986489296	 0.2924271821975708
-0.16579802334308624	 0.9852087497711182	 0.04329879209399223	 0.16347885131835938
-0.024412794038653374	 -0.047993455082178116	 0.9985492825508118	 0.03276562690734863
0.0	 0.0	 0.0	 1.0
5 	 7	 60
0.988605797290802	 0.14283165335655212	 -0.04751484468579292	 0.7463912963867188
-0.13813699781894684	 0.9862585067749023	 0.09062214940786362	 0.16852235794067383
0.05980563163757324	 -0.08302602916955948	 0.9947512149810791	 -0.10205304622650146
0.0	 0.0	 0.0	 1.0
5 	 8	 60
0.9961137771606445	 0.07193785160779953	 0.05081624537706375	 0.4617791175842285
-0.07875006645917892	 0.9858338832855225	 0.14808766543865204	 0.2013401985168457
-0.03944326937198639	 -0.1515139490365982	 0.9876678586006165	 -0.038997530937194824
0.0	 0.0	 0.0	 1.0
5 	 9	 60
0.9438597559928894	 0.32270506024360657	 0.07064138352870941	 1.0537617206573486
-0.3278559148311615	 0.9412842988967896	 0.08058731257915497	 -0.28012633323669434
-0.04048769548535347	 -0.0992233157157898	 0.9942411780357361	 -0.022826194763183594
0.0	 0.0	 0.0	 1.0
5 	 10	 60
0.9412485361099243	 0.24683447182178497	 -0.23048639297485352	 0.5833015441894531
-0.2333935797214508	 0.9687204360961914	 0.0843096524477005	 -0.06523919105529785
0.24408741295337677	 -0.025562290102243423	 0.9694162607192993	 0.012115716934204102
0.0	 0.0	 0.0	 1.0
5 	 11	 60
0.989006757736206	 0.0067941793240606785	 -0.14771395921707153	 0.2995411157608032
0.0067941793240606785	 0.9958009719848633	 0.09129224717617035	 -0.008399248123168945
0.14771395921707153	 -0.09129224717617035	 0.9848077297210693	 0.12757480144500732
0.0	 0.0	 0.0	 1.0
5 	 12	 60
0.9454514384269714	 0.18608692288398743	 -0.26738211512565613	 0.004247546195983887
-0.1559332311153412	 0.9791643023490906	 0.13008488714694977	 -0.043588995933532715
0.28601810336112976	 -0.0812951922416687	 0.954769492149353	 0.35803067684173584
0.0	 0.0	 0.0	 1.0
5 	 15	 60
0.9845731854438782	 -0.16191957890987396	 0.06631509959697723	 -0.41758859157562256
0.13487768173217773	 0.9437659978866577	 0.30185049772262573	 -0.2739366292953491
-0.11146143823862076	 -0.28824949264526367	 0.9510460495948792	 0.683922529220581
0.0	 0.0	 0.0	 1.0
5 	 16	 60
0.7883852124214172	 -0.37988269329071045	 0.4838779866695404	 -0.517394483089447
0.26290491223335266	 0.9191703200340271	 0.2932693064212799	 -0.28414982557296753
-0.5561742186546326	 -0.10399528592824936	 0.8245333433151245	 0.6917507648468018
0.0	 0.0	 0.0	 1.0
5 	 17	 60
0.6522156000137329	 -0.2565590441226959	 0.7132967710494995	 -0.3038681745529175
0.146174356341362	 0.9658892750740051	 0.2137545645236969	 -0.2735348343849182
-0.7438063621520996	 -0.035148367285728455	 0.667470395565033	 0.4771817922592163
0.0	 0.0	 0.0	 1.0
5 	 18	 60
0.7722193002700806	 -0.20511484146118164	 0.6013362407684326	 -0.4210937023162842
0.13281859457492828	 0.9776592254638672	 0.16291606426239014	 -0.2279788851737976
-0.6213184595108032	 -0.04593828693032265	 0.7822103500366211	 0.3588782548904419
0.0	 0.0	 0.0	 1.0
5 	 19	 60
0.9412485361099243	 -0.24683447182178497	 0.23048639297485352	 -0.01361989974975586
0.2333935797214508	 0.9687204360961914	 0.0843096524477005	 -0.0337064266204834
-0.24408741295337677	 -0.025562290102243423	 0.9694162607192993	 -0.08640801906585693
0.0	 0.0	 0.0	 1.0
5 	 20	 60
0.9510460495948792	 -0.11146143823862076	 0.28824949264526367	 0.14463365077972412
0.06631509959697723	 0.9845731854438782	 0.16191957890987396	 -0.03354167938232422
-0.30185049772262573	 -0.13487768173217773	 0.9437659978866577	 -0.7342954874038696
0.0	 0.0	 0.0	 1.0
5 	 25	 60
0.8100887537002563	 0.2546253204345703	 -0.528130829334259	 2.290102958679199
-0.07948527485132217	 0.9401534199714661	 0.3313511610031128	 -0.5696313381195068
0.580894410610199	 -0.22644522786140442	 0.7818467020988464	 0.6015613079071045
0.0	 0.0	 0.0	 1.0
5 	 26	 60
0.513196587562561	 0.30490249395370483	 -0.8022865653038025	 2.184290885925293
-0.150394007563591	 0.9522542357444763	 0.26569435000419617	 -0.46939200162887573
0.8449916243553162	 -0.015694355592131615	 0.5345491766929626	 1.146723985671997
0.0	 0.0	 0.0	 1.0
5 	 36	 60
0.358995646238327	 -0.7330307960510254	 0.5777438879013062	 -0.36548006534576416
0.5863849520683289	 0.6587264537811279	 0.47141504287719727	 -0.8368766903877258
-0.7261369228363037	 0.16954435408115387	 0.6663181781768799	 1.182096242904663
0.0	 0.0	 0.0	 1.0
5 	 37	 60
0.6768983602523804	 -0.47232532501220703	 0.5645506381988525	 -0.7113947868347168
0.2937191128730774	 0.8765861392021179	 0.3812161982059479	 -0.5810291171073914
-0.6749353408813477	 -0.09222530573606491	 0.7320907115936279	 0.7449702024459839
0.0	 0.0	 0.0	 1.0
5 	 38	 60
0.8468741178512573	 -0.3680309057235718	 0.38387173414230347	 -0.8225240707397461
0.17875689268112183	 0.8768473863601685	 0.44630107283592224	 -0.4169718027114868
-0.5008494853973389	 -0.30934110283851624	 0.8083673715591431	 0.23708760738372803
0.0	 0.0	 0.0	 1.0
5 	 39	 60
0.8468741178512573	 -0.3680309057235718	 0.38387173414230347	 -0.6196010112762451
0.17875689268112183	 0.8768473863601685	 0.44630107283592224	 -0.49105584621429443
-0.5008494853973389	 -0.30934110283851624	 0.8083673715591431	 -0.051964521408081055
0.0	 0.0	 0.0	 1.0
6 	 7	 60
1.0	 0.0	 0.0	 0.24199998378753662
0.0	 1.0	 0.0	 0.11399996280670166
0.0	 0.0	 1.0	 -0.10000002384185791
0.0	 0.0	 0.0	 1.0
6 	 8	 60
0.9947512149810791	 0.04751484468579292	 0.09062214940786362	 0.7082085609436035
-0.05980563163757324	 0.988605797290802	 0.13813699781894684	 0.09667885303497314
-0.08302602916955948	 -0.14283165335655212	 0.9862585067749023	 -0.11182105541229248
0.0	 0.0	 0.0	 1.0
6 	 9	 60
0.9848077297210693	 0.16703884303569794	 0.047452233731746674	 0.76566481590271
-0.16703884303569794	 0.9859422445297241	 -0.003993518650531769	 -0.17933130264282227
-0.047452233731746674	 -0.003993518650531769	 0.99886554479599	 -0.07557737827301025
0.0	 0.0	 0.0	 1.0
6 	 10	 60
0.9396926164627075	 0.17981062829494476	 -0.29093971848487854	 0.4423961639404297
-0.17981062829494476	 0.9833314418792725	 0.026970280334353447	 -0.2019050121307373
0.29093971848487854	 0.026970280334353447	 0.9563611745834351	 0.013240218162536621
0.0	 0.0	 0.0	 1.0
6 	 11	 60
0.9859422445297241	 0.003993518650531769	 -0.16703884303569794	 -0.036383628845214844
0.003993518650531769	 0.99886554479599	 0.047452233731746674	 -0.20434081554412842
0.16703884303569794	 -0.047452233731746674	 0.9848077297210693	 0.10514438152313232
0.0	 0.0	 0.0	 1.0
6 	 12	 60
0.9441960453987122	 0.015852732583880424	 -0.3290022909641266	 -0.28582334518432617
0.015852732583880424	 0.9954965710639954	 0.09346266090869904	 -0.2981773018836975
0.3290022909641266	 -0.09346266090869904	 0.9396926164627075	 0.3016131520271301
0.0	 0.0	 0.0	 1.0
6 	 15	 60
0.9694162607192993	 -0.24408741295337677	 0.025562290102243423	 -0.70461106300354
0.23048639297485352	 0.9412485361099243	 0.24683447182178497	 -0.45223331451416016
-0.0843096524477005	 -0.2333935797214508	 0.9687204360961914	 0.6195181608200073
0.0	 0.0	 0.0	 1.0
6 	 16	 60
0.7883852124214172	 -0.37988269329071045	 0.4838779866695404	 -0.8353945016860962
0.26290491223335266	 0.9191703200340271	 0.2932693064212799	 -0.46414971351623535
-0.5561742186546326	 -0.10399528592824936	 0.8245333433151245	 0.675750732421875
0.0	 0.0	 0.0	 1.0
6 	 17	 60
0.6427876353263855	 -0.40273338556289673	 0.6516363024711609	 -0.6596946120262146
0.40273338556289673	 0.9012688994407654	 0.15975023806095123	 -0.3738443851470947
-0.6516363024711609	 0.15975023806095123	 0.7415186762809753	 0.3298088312149048
0.0	 0.0	 0.0	 1.0
6 	 18	 60
0.7660444378852844	 -0.3379334509372711	 0.5467877984046936	 -0.6509087085723877
0.3379334509372711	 0.9353362917900085	 0.10462810844182968	 -0.32829368114471436
-0.5467877984046936	 0.10462810844182968	 0.8307081460952759	 0.25617408752441406
0.0	 0.0	 0.0	 1.0
6 	 19	 60
0.9412485361099243	 -0.24683447182178497	 0.23048639297485352	 -0.3316199779510498
0.2333935797214508	 0.9687204360961914	 0.0843096524477005	 -0.21370625495910645
-0.24408741295337677	 -0.025562290102243423	 0.9694162607192993	 -0.10240805149078369
0.0	 0.0	 0.0	 1.0
6 	 20	 60
0.9510460495948792	 -0.11146143823862076	 0.28824949264526367	 -0.17336630821228027
0.06631509959697723	 0.9845731854438782	 0.16191957890987396	 -0.2835416793823242
-0.30185049772262573	 -0.13487768173217773	 0.9437659978866577	 -0.7502955198287964
0.0	 0.0	 0.0	 1.0
6 	 21	 60
0.7883852124214172	 -0.37988269329071045	 0.4838779866695404	 -0.17477571964263916
0.26290491223335266	 0.9191703200340271	 0.2932693064212799	 -0.31300270557403564
-0.5561742186546326	 -0.10399528592824936	 0.8245333433151245	 -0.5349744558334351
0.0	 0.0	 0.0	 1.0
6 	 24	 60
0.9922955632209778	 -0.12218685448169708	 0.02049209550023079	 1.4923985004425049
0.11876057833433151	 0.9851996898651123	 0.12360205501317978	 -0.24520045518875122
-0.03529135137796402	 -0.12021611630916595	 0.9921202659606934	 -0.0977470874786377
0.0	 0.0	 0.0	 1.0
6 	 25	 60
0.8695614337921143	 0.15213298797607422	 -0.46980684995651245	 1.7293331623077393
-0.1107325628399849	 0.9872065782546997	 0.1147235706448555	 -0.34319835901260376
0.4812496602535248	 -0.0477362759411335	 0.8752828240394592	 0.3442457318305969
0.0	 0.0	 0.0	 1.0
6 	 26	 60
0.513196587562561	 0.30490249395370483	 -0.8022865653038025	 1.866290807723999
-0.150394007563591	 0.9522542357444763	 0.26569435000419617	 -0.6493918895721436
0.8449916243553162	 -0.015694355592131615	 0.5345491766929626	 1.1307240724563599
0.0	 0.0	 0.0	 1.0
6 	 35	 60
0.871848464012146	 -0.48816734552383423	 0.03965930640697479	 0.8517186641693115
-0.18284271657466888	 -0.24928882718086243	 0.9510118961334229	 -3.401975631713867
-0.4543663263320923	 -0.8363896608352661	 -0.3065999448299408	 3.290882110595703
0.0	 0.0	 0.0	 1.0
6 	 36	 60
0.358995646238327	 -0.7330307960510254	 0.5777438879013062	 -0.6834801435470581
0.5863849520683289	 0.6587264537811279	 0.47141504287719727	 -1.0868765115737915
-0.7261369228363037	 0.16954435408115387	 0.6663181781768799	 1.1660962104797363
0.0	 0.0	 0.0	 1.0
6 	 37	 60
0.5477457642555237	 -0.5580127239227295	 0.6233749985694885	 -1.0018842220306396
0.3080126941204071	 0.8272542357444763	 0.46987080574035645	 -0.9243370890617371
-0.7778835296630859	 -0.06536231935024261	 0.625	 0.888350248336792
0.0	 0.0	 0.0	 1.0
6 	 38	 60
0.8083673715591431	 -0.5008494853973389	 0.30934110283851624	 -1.0206243991851807
0.38387173414230347	 0.8468741178512573	 0.3680309057235718	 -0.662554919719696
-0.44630107283592224	 -0.17875689268112183	 0.8768473863601685	 0.05520510673522949
0.0	 0.0	 0.0	 1.0
6 	 39	 60
0.8468741178512573	 -0.3680309057235718	 0.38387173414230347	 -0.8676011562347412
0.17875689268112183	 0.8768473863601685	 0.44630107283592224	 -0.6710557341575623
-0.5008494853973389	 -0.30934110283851624	 0.8083673715591431	 -0.06796455383300781
0.0	 0.0	 0.0	 1.0
6 	 53	 60
0.7722193002700806	 -0.20511484146118164	 0.6013362407684326	 -0.8986030220985413
0.13281859457492828	 0.9776592254638672	 0.16291606426239014	 -0.8246335387229919
-0.6213184595108032	 -0.04593828693032265	 0.7822103500366211	 1.503807783126831
0.0	 0.0	 0.0	 1.0
6 	 54	 60
0.3420201539993286	 0.0	 0.9396926164627075	 -0.8876396417617798
0.0	 1.0	 0.0	 -0.2219998836517334
-0.9396926164627075	 0.0	 0.3420201539993286	 1.7218092679977417
0.0	 0.0	 0.0	 1.0
6 	 59	 60
0.40485161542892456	 -0.634341299533844	 0.6585637927055359	 -0.9631272554397583
0.3053513467311859	 0.7726735472679138	 0.5565394163131714	 -0.6551482081413269
-0.8618907928466797	 -0.024222547188401222	 0.5065150856971741	 0.8878123760223389
0.0	 0.0	 0.0	 1.0
7 	 8	 60
0.9921202659606934	 0.02049209550023079	 0.12360205501317978	 0.3415008783340454
-0.03529135137796402	 0.9922955632209778	 0.11876057833433151	 0.002657175064086914
-0.12021611630916595	 -0.12218685448169708	 0.9851996898651123	 -0.0024407505989074707
0.0	 0.0	 0.0	 1.0
7 	 9	 60
0.9848077297210693	 0.14771395921707153	 0.09129224717617035	 0.3831460475921631
-0.14771395921707153	 0.989006757736206	 -0.0067941793240606785	 -0.29338395595550537
-0.09129224717617035	 -0.0067941793240606785	 0.9958009719848633	 0.04078179597854614
0.0	 0.0	 0.0	 1.0
7 	 10	 60
0.9848077297210693	 0.09129224717617035	 -0.14771395921707153	 -0.25309693813323975
-0.09129224717617035	 0.9958009719848633	 0.0067941793240606785	 -0.33784639835357666
0.14771395921707153	 0.0067941793240606785	 0.989006757736206	 0.08395975828170776
0.0	 0.0	 0.0	 1.0
7 	 11	 60
0.9862585067749023	 -0.08302602916955948	 -0.14283165335655212	 -0.3512307405471802
0.09062214940786362	 0.9947512149810791	 0.04751484468579292	 -0.3380699157714844
0.13813699781894684	 -0.05980563163757324	 0.988605797290802	 0.2604004144668579
0.0	 0.0	 0.0	 1.0
7 	 15	 60
0.954769492149353	 -0.28601810336112976	 0.0812951922416687	 -1.1154351234436035
0.26738211512565613	 0.9454514384269714	 0.18608692288398743	 -0.567737877368927
-0.13008488714694977	 -0.1559332311153412	 0.9791643023490906	 0.7891616821289062
0.0	 0.0	 0.0	 1.0
7 	 16	 60
0.7883852124214172	 -0.37988269329071045	 0.4838779866695404	 -1.0773944854736328
0.26290491223335266	 0.9191703200340271	 0.2932693064212799	 -0.5781497955322266
-0.5561742186546326	 -0.10399528592824936	 0.8245333433151245	 0.7757508158683777
0.0	 0.0	 0.0	 1.0
7 	 17	 60
0.5	 -0.45529648661613464	 0.7366852164268494	 -1.1441844701766968
0.45529648661613464	 0.861803412437439	 0.22360679507255554	 -0.6257094144821167
-0.7366852164268494	 0.22360679507255554	 0.638196587562561	 0.6227505803108215
0.0	 0.0	 0.0	 1.0
7 	 18	 60
0.7660444378852844	 -0.3379334509372711	 0.5467877984046936	 -0.8929086923599243
0.3379334509372711	 0.9353362917900085	 0.10462810844182968	 -0.44229376316070557
-0.5467877984046936	 0.10462810844182968	 0.8307081460952759	 0.35617417097091675
0.0	 0.0	 0.0	 1.0
7 	 19	 60
0.9396926164627075	 -0.17981062829494476	 0.29093971848487854	 -0.7505504488945007
0.17981062829494476	 0.9833314418792725	 0.026970280334353447	 -0.25563037395477295
-0.29093971848487854	 0.026970280334353447	 0.9563611745834351	 0.08325213193893433
0.0	 0.0	 0.0	 1.0
7 	 20	 60
0.9454514384269714	 -0.18608692288398743	 0.26738211512565613	 -0.40978240966796875
0.1559332311153412	 0.9791643023490906	 0.13008488714694977	 -0.2626382112503052
-0.28601810336112976	 -0.0812951922416687	 0.954769492149353	 -0.6086557507514954
0.0	 0.0	 0.0	 1.0
7 	 21	 60
0.7722193002700806	 -0.20511484146118164	 0.6013362407684326	 -0.6540864109992981
0.13281859457492828	 0.9776592254638672	 0.16291606426239014	 -0.1932758092880249
-0.6213184595108032	 -0.04593828693032265	 0.7822103500366211	 -0.41531044244766235
0.0	 0.0	 0.0	 1.0
7 	 24	 60
0.9921202659606934	 -0.03529135137796402	 0.12021611630916595	 1.0715925693511963
0.02049209550023079	 0.9922955632209778	 0.12218685448169708	 -0.4171668291091919
-0.12360205501317978	 -0.11876057833433151	 0.9851996898651123	 -0.08349686861038208
0.0	 0.0	 0.0	 1.0
7 	 25	 60
0.8912473917007446	 0.180092915892601	 -0.41622671484947205	 1.4391753673553467
-0.07979899644851685	 0.9657288789749146	 0.2469814568758011	 -0.6646942496299744
0.44644176959991455	 -0.186907097697258	 0.875074565410614	 0.41559118032455444
0.0	 0.0	 0.0	 1.0
7 	 26	 60
0.6522156000137329	 0.2565590441226959	 -0.7132967710494995	 1.3999691009521484
-0.146174356341362	 0.9658892750740051	 0.2137545645236969	 -0.6525891423225403
0.7438063621520996	 -0.035148367285728455	 0.667470395565033	 0.9429921507835388
0.0	 0.0	 0.0	 1.0
7 	 35	 60
0.22199702262878418	 -0.8697019219398499	 0.4408354163169861	 -0.4533193111419678
-0.5914964079856873	 0.2393038123846054	 0.7699776887893677	 -2.929257869720459
-0.7751446962356567	 -0.43168532848358154	 -0.4613008499145508	 3.751324415206909
0.0	 0.0	 0.0	 1.0
7 	 36	 60
0.3420201539993286	 -0.49402564764022827	 0.7993502616882324	 -1.2675914764404297
0.49402564764022827	 0.818138837814331	 0.2942575514316559	 -1.0367035865783691
-0.7993502616882324	 0.2942575514316559	 0.5238813161849976	 1.4762599468231201
0.0	 0.0	 0.0	 1.0
7 	 37	 60
0.5477457642555237	 -0.5580127239227295	 0.6233749985694885	 -1.453884243965149
0.3080126941204071	 0.8272542357444763	 0.46987080574035645	 -1.2483370304107666
-0.7778835296630859	 -0.06536231935024261	 0.625	 0.9883503317832947
0.0	 0.0	 0.0	 1.0
7 	 38	 60
0.7883852124214172	 -0.37988269329071045	 0.4838779866695404	 -1.604235291481018
0.26290491223335266	 0.9191703200340271	 0.2932693064212799	 -0.5505253076553345
-0.5561742186546326	 -0.10399528592824936	 0.8245333433151245	 0.40668970346450806
0.0	 0.0	 0.0	 1.0
7 	 39	 60
0.8100887537002563	 -0.2546253204345703	 0.528130829334259	 -1.4633879661560059
0.07948527485132217	 0.9401534199714661	 0.3313511610031128	 -0.5793014764785767
-0.580894410610199	 -0.22644522786140442	 0.7818467020988464	 0.18086498975753784
0.0	 0.0	 0.0	 1.0
7 	 53	 60
0.6427876353263855	 0.0	 0.7660444378852844	 -1.2867214679718018
0.0	 1.0	 0.0	 -0.525999903678894
-0.7660444378852844	 0.0	 0.6427876353263855	 1.946150302886963
0.0	 0.0	 0.0	 1.0
7 	 54	 60
-0.3420201539993286	 0.49402564764022827	 -0.7993502616882324	 3.217742919921875
-0.49402564764022827	 0.62907475233078	 0.6001696586608887	 -1.9794834852218628
0.7993502616882324	 0.6001696586608887	 0.028905101120471954	 2.630876064300537
0.0	 0.0	 0.0	 1.0
7 	 58	 60
1.1102230246251565e-16	 -0.525731086730957	 0.8506507873535156	 -1.5215299129486084
0.525731086730957	 0.7236068248748779	 0.4472135901451111	 -0.5598365068435669
-0.8506507873535156	 0.4472135901451111	 0.27639320492744446	 1.1711736917495728
0.0	 0.0	 0.0	 1.0
7 	 59	 60
0.3420201539993286	 -0.49402564764022827	 0.7993502616882324	 -1.5330438613891602
