0 	 1	 38
0.9859422445297241	 0.003993518650531769	 -0.16703884303569794	 0.24301517009735107
0.003993518650531769	 0.99886554479599	 0.047452233731746674	 0.05379676818847656
0.16703884303569794	 -0.047452233731746674	 0.9848077297210693	 0.5435056090354919
0.0	 0.0	 0.0	 1.0
0 	 8	 38
0.02639320306479931	 0.10835705697536469	 -0.9937615990638733	 1.982090950012207
-0.41737404465675354	 0.9045084714889526	 0.0875401496887207	 -0.3806931972503662
0.9083514213562012	 0.4124598503112793	 0.06909830123186111	 3.5389180183410645
0.0	 0.0	 0.0	 1.0
0 	 9	 38
2.220446049250313e-16	 -1.0	 0.0	 -0.2659999132156372
1.0	 2.220446049250313e-16	 0.0	 0.7499998807907104
0.0	 0.0	 1.0	 0.009999990463256836
0.0	 0.0	 0.0	 1.0
0 	 10	 38
2.220446049250313e-16	 -1.0	 0.0	 -0.3599998950958252
1.0	 2.220446049250313e-16	 0.0	 -0.23000001907348633
0.0	 0.0	 1.0	 0.06199997663497925
0.0	 0.0	 0.0	 1.0
0 	 27	 38
0.9687204360961914	 0.0843096524477005	 -0.2333935797214508	 0.934288501739502
-0.025562290102243423	 0.9694162607192993	 0.24408741295337677	 -0.040485501289367676
0.24683447182178497	 -0.23048639297485352	 0.9412485361099243	 0.3188333511352539
0.0	 0.0	 0.0	 1.0
0 	 28	 38
0.9985492825508118	 0.03200891986489296	 -0.04329879209399223	 0.690424919128418
-0.024412794038653374	 0.9858574867248535	 0.16579802334308624	 0.07549881935119629
0.047993455082178116	 -0.16450044512748718	 0.9852087497711182	 0.6478873491287231
0.0	 0.0	 0.0	 1.0
1 	 2	 38
1.0	 0.0	 0.0	 -0.1260000467300415
0.0	 1.0	 0.0	 0.14600002765655518
0.0	 0.0	 1.0	 0.2860000729560852
0.0	 0.0	 0.0	 1.0
1 	 6	 38
0.513196587562561	 0.150394007563591	 -0.8449916243553162	 1.3721299171447754
-0.30490249395370483	 0.9522542357444763	 -0.015694355592131615	 0.1079937219619751
0.8022865653038025	 0.26569435000419617	 0.5345491766929626	 2.53523325920105
0.0	 0.0	 0.0	 1.0
1 	 8	 38
-2.220446049250313e-16	 0.0	 -1.0	 2.191999912261963
0.0	 1.0	 0.0	 -0.2839999198913574
1.0	 0.0	 -2.220446049250313e-16	 3.6419999599456787
0.0	 0.0	 0.0	 1.0
1 	 9	 38
-0.1736481785774231	 0.0	 -0.9848077297210693	 2.388148784637451
0.0	 1.0	 0.0	 -0.046000003814697266
0.9848077297210693	 0.0	 -0.1736481785774231	 2.475938320159912
0.0	 0.0	 0.0	 1.0
1 	 10	 38
0.032151125371456146	 -0.9891887903213501	 -0.14308001101016998	 0.3594529628753662
-0.8285667300224304	 0.053681064397096634	 -0.557310938835144	 1.3262206315994263
0.5589664578437805	 0.1364695131778717	 -0.8178830146789551	 5.481564521789551
0.0	 0.0	 0.0	 1.0
1 	 27	 38
-0.0925510823726654	 -0.9867286086082458	 -0.13342033326625824	 -0.24322843551635742
0.8864870667457581	 -0.1426718384027481	 0.44021064043045044	 -1.3993066549301147
-0.4534037709236145	 -0.07753342390060425	 0.8879265785217285	 1.0950040817260742
0.0	 0.0	 0.0	 1.0
1 	 28	 38
0.9563611745834351	 0.026970280334353447	 -0.29093971848487854	 1.5664403438568115
0.026970280334353447	 0.9833314418792725	 0.17981062829494476	 -0.10507261753082275
0.29093971848487854	 -0.17981062829494476	 0.9396926164627075	 0.5471606254577637
0.0	 0.0	 0.0	 1.0
2 	 3	 38
1.0	 0.0	 0.0	 0.20000004768371582
0.0	 1.0	 0.0	 0.009999990463256836
0.0	 0.0	 1.0	 0.7219998240470886
0.0	 0.0	 0.0	 1.0
2 	 5	 38
0.8695614337921143	 0.15213298797607422	 -0.46980684995651245	 0.9109591245651245
-0.1107325628399849	 0.9872065782546997	 0.1147235706448555	 -0.22483277320861816
0.4812496602535248	 -0.0477362759411335	 0.8752828240394592	 1.6220672130584717
0.0	 0.0	 0.0	 1.0
2 	 8	 38
0.1736481785774231	 0.0	 -0.9848077297210693	 2.0996861457824707
0.0	 1.0	 0.0	 -0.28999996185302734
0.9848077297210693	 0.0	 0.1736481785774231	 1.6063661575317383
0.0	 0.0	 0.0	 1.0
3 	 4	 38
0.9859422445297241	 0.003993518650531769	 -0.16703884303569794	 0.4255852699279785
0.003993518650531769	 0.99886554479599	 0.047452233731746674	 -0.044045209884643555
0.16703884303569794	 -0.047452233731746674	 0.9848077297210693	 0.4964682459831238
0.0	 0.0	 0.0	 1.0
4 	 5	 38
0.9412842988967896	 0.0992233157157898	 -0.32270506024360657	 0.37051427364349365
-0.08058731257915497	 0.9942411780357361	 0.07064138352870941	 -0.1252632737159729
0.3278559148311615	 -0.04048769548535347	 0.9438597559928894	 0.3942774534225464
0.0	 0.0	 0.0	 1.0
4 	 6	 38
0.7722193002700806	 0.20511484146118164	 -0.6013362407684326	 0.7161523103713989
-0.13281859457492828	 0.9776592254638672	 0.16291606426239014	 -0.2869657874107361
0.6213184595108032	 -0.04593828693032265	 0.7822103500366211	 0.28255558013916016
0.0	 0.0	 0.0	 1.0
5 	 6	 38
0.9412842988967896	 0.08058731257915497	 -0.3278559148311615	 0.3076068162918091
-0.0992233157157898	 0.9942411780357361	 -0.04048769548535347	 0.12177979946136475
0.32270506024360657	 0.07064138352870941	 0.9438597559928894	 -0.2117747664451599
0.0	 0.0	 0.0	 1.0
5 	 7	 38
0.7722193002700806	 0.13281859457492828	 -0.6213184595108032	 0.6975207328796387
-0.20511484146118164	 0.9776592254638672	 -0.04593828693032265	 -0.01085054874420166
0.6013362407684326	 0.16291606426239014	 0.7822103500366211	 -0.4417954087257385
0.0	 0.0	 0.0	 1.0
5 	 8	 38
0.6522156000137329	 0.146174356341362	 -0.7438063621520996	 0.9180121421813965
-0.2565590441226959	 0.9658892750740051	 -0.035148367285728455	 -0.053850531578063965
0.7132967710494995	 0.2137545645236969	 0.667470395565033	 -0.6628803610801697
0.0	 0.0	 0.0	 1.0
6 	 7	 38
0.9441960453987122	 -0.015852732583880424	 -0.3290022909641266	 0.29346466064453125
-0.015852732583880424	 0.9954965710639954	 -0.09346266090869904	 0.01714468002319336
0.3290022909641266	 0.09346266090869904	 0.9396926164627075	 -0.2983890771865845
0.0	 0.0	 0.0	 1.0
6 	 8	 38
0.876029908657074	 -0.03521730750799179	 -0.4809691905975342	 0.45161473751068115
-0.03521730750799179	 0.9899954795837402	 -0.1366332620382309	 0.04573047161102295
0.4809691905975342	 0.1366332620382309	 0.8660253882408142	 -0.5489383935928345
0.0	 0.0	 0.0	 1.0
7 	 8	 38
0.9859422445297241	 -0.003993518650531769	 -0.16703884303569794	 0.06659817695617676
-0.003993518650531769	 0.99886554479599	 -0.047452233731746674	 -0.023594260215759277
0.16703884303569794	 0.047452233731746674	 0.9848077297210693	 -0.3387054204940796
0.0	 0.0	 0.0	 1.0
9 	 10	 38
0.9848077297210693	 0.0	 -0.1736481785774231	 0.3039383888244629
0.0	 1.0	 0.0	 0.039999961853027344
0.1736481785774231	 0.0	 0.9848077297210693	 -0.028529644012451172
0.0	 0.0	 0.0	 1.0
10 	 11	 38
0.9876678586006165	 -0.03944326937198639	 -0.1515139490365982	 0.8261537551879883
0.05081624537706375	 0.9961137771606445	 0.07193785160779953	 -0.03219449520111084
0.14808766543865204	 -0.07875006645917892	 0.9858338832855225	 0.38789546489715576
0.0	 0.0	 0.0	 1.0
14 	 15	 38
0.9875560402870178	 0.12330117076635361	 -0.09762098640203476	 0.23143672943115234
-0.11570504307746887	 0.990056574344635	 0.08000237494707108	 -0.23080027103424072
0.10651468485593796	 -0.06771159172058105	 0.9920029044151306	 0.11176961660385132
0.0	 0.0	 0.0	 1.0
14 	 16	 38
0.989006757736206	 0.0067941793240606785	 -0.14771395921707153	 0.21872591972351074
0.0067941793240606785	 0.9958009719848633	 0.09129224717617035	 -0.08278357982635498
0.14771395921707153	 -0.09129224717617035	 0.9848077297210693	 0.17371338605880737
0.0	 0.0	 0.0	 1.0
14 	 17	 38
0.9412842988967896	 0.0992233157157898	 -0.32270506024360657	 1.101179838180542
-0.08058731257915497	 0.9942411780357361	 0.07064138352870941	 -0.2519528865814209
0.3278559148311615	 -0.04048769548535347	 0.9438597559928894	 0.4872273802757263
0.0	 0.0	 0.0	 1.0
15 	 16	 38
1.0	 0.0	 0.0	 -0.0700000524520874
0.0	 1.0	 0.0	 0.039999961853027344
0.0	 0.0	 1.0	 0.04800009727478027
0.0	 0.0	 0.0	 1.0
15 	 17	 38
0.9412842988967896	 0.0992233157157898	 -0.32270506024360657	 0.7511799335479736
-0.08058731257915497	 0.9942411780357361	 0.07064138352870941	 -0.21395301818847656
0.3278559148311615	 -0.04048769548535347	 0.9438597559928894	 0.4392273426055908
0.0	 0.0	 0.0	 1.0
16 	 17	 38
0.9851996898651123	 0.12021611630916595	 -0.12218685448169708	 0.7827458381652832
-0.12360205501317978	 0.9921202659606934	 -0.02049209550023079	 -0.13735008239746094
0.11876057833433151	 0.03529135137796402	 0.9922955632209778	 0.1822500228881836
0.0	 0.0	 0.0	 1.0
17 	 18	 38
0.9859422445297241	 0.003993518650531769	 -0.16703884303569794	 0.1728839874267578
0.003993518650531769	 0.99886554479599	 0.047452233731746674	 -0.009465694427490234
0.16703884303569794	 -0.047452233731746674	 0.9848077297210693	 0.5148627758026123
0.0	 0.0	 0.0	 1.0
18 	 19	 38
0.8660253882408142	 0.0	 -0.5	 0.4338420629501343
0.0	 1.0	 0.0	 0.018000006675720215
0.5	 0.0	 0.8660253882408142	 0.6154607534408569
0.0	 0.0	 0.0	 1.0
19 	 20	 38
0.9396926164627075	 0.0	 -0.3420201539993286	 0.21986651420593262
0.0	 1.0	 0.0	 -0.07600009441375732
0.3420201539993286	 0.0	 0.9396926164627075	 0.14445769786834717
0.0	 0.0	 0.0	 1.0
20 	 21	 38
0.9412842988967896	 0.0992233157157898	 -0.32270506024360657	 0.1446695327758789
-0.08058731257915497	 0.9942411780357361	 0.07064138352870941	 -0.02465689182281494
0.3278559148311615	 -0.04048769548535347	 0.9438597559928894	 -0.28405505418777466
0.0	 0.0	 0.0	 1.0
21 	 22	 38
0.9396926164627075	 0.0	 -0.3420201539993286	 0.042472124099731445
0.0	 1.0	 0.0	 0.1499999761581421
0.3420201539993286	 0.0	 0.9396926164627075	 -0.03346550464630127
0.0	 0.0	 0.0	 1.0
22 	 23	 38
0.989006757736206	 -0.0067941793240606785	 0.14771395921707153	 -0.498848557472229
-0.0067941793240606785	 0.9958009719848633	 0.09129224717617035	 0.10353994369506836
-0.14771395921707153	 -0.09129224717617035	 0.9848077297210693	 -0.08794224262237549
0.0	 0.0	 0.0	 1.0
22 	 24	 38
0.9921202659606934	 -0.03529135137796402	 0.12021611630916595	 -0.7005022764205933
0.02049209550023079	 0.9922955632209778	 0.12218685448169708	 0.03659820556640625
-0.12360205501317978	 -0.11876057833433151	 0.9851996898651123	 0.15061509609222412
0.0	 0.0	 0.0	 1.0
23 	 24	 38
0.9852087497711182	 -0.047993455082178116	 0.16450044512748718	 -0.5300024747848511
0.04329879209399223	 0.9985492825508118	 0.03200891986489296	 -0.08385622501373291
-0.16579802334308624	 -0.024412794038653374	 0.9858574867248535	 0.22807526588439941
0.0	 0.0	 0.0	 1.0
23 	 25	 38
1.0	 0.0	 0.0	 0.05800008773803711
0.0	 1.0	 0.0	 -0.002000093460083008
0.0	 0.0	 1.0	 0.037999868392944336
0.0	 0.0	 0.0	 1.0
24 	 25	 38
1.0	 0.0	 0.0	 0.05800008773803711
0.0	 1.0	 0.0	 -0.06999993324279785
0.0	 0.0	 1.0	 0.20399987697601318
0.0	 0.0	 0.0	 1.0
25 	 26	 38
1.0	 0.0	 0.0	 -0.12800002098083496
0.0	 1.0	 0.0	 -0.06200003623962402
0.0	 0.0	 1.0	 0.25
0.0	 0.0	 0.0	 1.0
26 	 27	 38
0.9852087497711182	 -0.04329879209399223	 0.16579802334308624	 -0.29780614376068115
0.047993455082178116	 0.9985492825508118	 -0.024412794038653374	 0.01666015386581421
-0.16450044512748718	 0.03200891986489296	 0.9858574867248535	 0.038305699825286865
0.0	 0.0	 0.0	 1.0
26 	 28	 38
0.9876678586006165	 -0.03944326937198639	 0.1515139490365982	 -0.4869875907897949
0.05081624537706375	 0.9961137771606445	 -0.07193785160779953	 0.1006365418434143
-0.14808766543865204	 0.07875006645917892	 0.9858338832855225	 -0.1270546317100525
0.0	 0.0	 0.0	 1.0
27 	 28	 38
0.989006757736206	 0.0067941793240606785	 0.14771395921707153	 -0.08104813098907471
0.0067941793240606785	 0.9958009719848633	 -0.09129224717617035	 0.027988553047180176
-0.14771395921707153	 0.09129224717617035	 0.9848077297210693	 0.4205318093299866
0.0	 0.0	 0.0	 1.0
29 	 30	 38
0.9563611745834351	 -0.026970280334353447	 0.29093971848487854	 0.03404855728149414
-0.026970280334353447	 0.9833314418792725	 0.17981062829494476	 -0.041420698165893555
-0.29093971848487854	 -0.17981062829494476	 0.9396926164627075	 0.3856081962585449
0.0	 0.0	 0.0	 1.0
30 	 31	 38
0.9396926164627075	 0.0	 0.3420201539993286	 -0.18668437004089355
0.0	 1.0	 0.0	 -0.009999871253967285
-0.3420201539993286	 0.0	 0.9396926164627075	 0.7675808668136597
0.0	 0.0	 0.0	 1.0
31 	 32	 38
0.8660253882408142	 0.0	 0.5	 -0.34453487396240234
0.0	 1.0	 0.0	 -0.002000093460083008
-0.5	 0.0	 0.8660253882408142	 0.23951047658920288
0.0	 0.0	 0.0	 1.0
31 	 33	 38
0.6522156000137329	 -0.146174356341362	 0.7438063621520996	 -1.0267539024353027
0.2565590441226959	 0.9658892750740051	 -0.035148367285728455	 0.34928417205810547
-0.7132967710494995	 0.2137545645236969	 0.667470395565033	 0.28041571378707886
0.0	 0.0	 0.0	 1.0
31 	 34	 38
-0.7948468327522278	 -0.509878396987915	 0.3290022909641266	 -0.6086691617965698
-0.509878396987915	 0.8551542162895203	 0.09346266090869904	 -0.17715084552764893
-0.3290022909641266	 -0.09346266090869904	 -0.9396926164627075	 4.87086296081543
0.0	 0.0	 0.0	 1.0
31 	 36	 38
0.5373373031616211	 0.13143277168273926	 0.8330630660057068	 -1.4284595251083374
0.13143277168273926	 0.9626626968383789	 -0.23665575683116913	 0.11678266525268555
-0.8330630660057068	 0.23665575683116913	 0.5	 0.3740854859352112
0.0	 0.0	 0.0	 1.0
31 	 37	 38
-0.40357476472854614	 -0.8674569129943848	 0.29093971848487854	 -0.566260814666748
-0.8674569129943848	 0.4638821482658386	 0.17981062829494476	 -0.2911578416824341
-0.29093971848487854	 -0.17981062829494476	 -0.9396926164627075	 4.943291664123535
0.0	 0.0	 0.0	 1.0
32 	 33	 38
0.9396926164627075	 0.0	 0.3420201539993286	 -0.6462789177894592
0.0	 1.0	 0.0	 0.09599995613098145
-0.3420201539993286	 0.0	 0.9396926164627075	 -0.3618357181549072
0.0	 0.0	 0.0	 1.0
32 	 34	 38
0.876029908657074	 0.03521730750799179	 0.4809691905975342	 -0.8298869132995605
0.03521730750799179	 0.9899954795837402	 -0.1366332620382309	 0.24807262420654297
-0.4809691905975342	 0.1366332620382309	 0.8660253882408142	 -0.4363832473754883
0.0	 0.0	 0.0	 1.0
32 	 35	 38
0.876029908657074	 0.03521730750799179	 0.4809691905975342	 -0.8220864534378052
0.03521730750799179	 0.9899954795837402	 -0.1366332620382309	 -0.10590255260467529
-0.4809691905975342	 0.1366332620382309	 0.8660253882408142	 -0.4995415210723877
0.0	 0.0	 0.0	 1.0
32 	 36	 38
0.9030550718307495	 0.05991525948047638	 0.4253253936767578	 -0.9463486671447754
0.05991525948047638	 0.9629703164100647	 -0.2628655433654785	 0.16231787204742432
-0.4253253936767578	 0.2628655433654785	 0.8660253882408142	 -0.5187965631484985
0.0	 0.0	 0.0	 1.0
32 	 37	 38
0.8660253882408142	 0.0	 0.5	 -1.04710054397583
0.0	 1.0	 0.0	 0.011999964714050293
-0.5	 0.0	 0.8660253882408142	 -0.45536625385284424
0.0	 0.0	 0.0	 1.0
33 	 34	 38
0.9563611745834351	 0.026970280334353447	 0.29093971848487854	 -0.5319528579711914
0.026970280334353447	 0.9833314418792725	 -0.17981062829494476	 0.2326200008392334
-0.29093971848487854	 0.17981062829494476	 0.9396926164627075	 -0.1353703737258911
0.0	 0.0	 0.0	 1.0
33 	 35	 38
0.9687204360961914	 -0.025562290102243423	 0.24683447182178497	 -0.39453017711639404
0.0843096524477005	 0.9694162607192993	 -0.23048639297485352	 0.13153588771820068
-0.2333935797214508	 0.24408741295337677	 0.9412485361099243	 -0.21844637393951416
0.0	 0.0	 0.0	 1.0
33 	 36	 38
0.9942411780357361	 -0.04048769548535347	 0.0992233157157898	 -0.2755018472671509
0.07064138352870941	 0.9438597559928894	 -0.32270506024360657	 0.2210465669631958
-0.08058731257915497	 0.3278559148311615	 0.9412842988967896	 -0.2446383237838745
0.0	 0.0	 0.0	 1.0
33 	 37	 38
0.9852087497711182	 0.047993455082178116	 0.16450044512748718	 -0.31991755962371826
-0.04329879209399223	 0.9985492825508118	 -0.03200891986489296	 -0.016434907913208008
-0.16579802334308624	 0.024412794038653374	 0.9858574867248535	 -0.2749391794204712
0.0	 0.0	 0.0	 1.0
34 	 35	 38
0.99886554479599	 -0.047452233731746674	 0.003993518650531769	 0.026335954666137695
0.047452233731746674	 0.9848077297210693	 -0.16703884303569794	 0.2166614532470703
0.003993518650531769	 0.16703884303569794	 0.9859422445297241	 -0.013650894165039062
0.0	 0.0	 0.0	 1.0
34 	 36	 38
0.9921202659606934	 -0.03529135137796402	 -0.12021611630916595	 0.09725165367126465
0.02049209550023079	 0.9922955632209778	 -0.12218685448169708	 -0.13108599185943604
0.12360205501317978	 0.11876057833433151	 0.9851996898651123	 -0.0755472183227539
0.0	 0.0	 0.0	 1.0
34 	 37	 38
0.988605797290802	 0.14283165335655212	 -0.04751484468579292	 0.051619529724121094
-0.13813699781894684	 0.9862585067749023	 0.09062214940786362	 -0.1639648675918579
0.05980563163757324	 -0.08302602916955948	 0.9947512149810791	 -0.0712275505065918
0.0	 0.0	 0.0	 1.0
35 	 36	 38
0.9852087497711182	 0.04329879209399223	 -0.16579802334308624	 0.14481079578399658
-0.047993455082178116	 0.9985492825508118	 -0.024412794038653374	 -0.1320730447769165
0.16450044512748718	 0.03200891986489296	 0.9858574867248535	 0.030719995498657227
0.0	 0.0	 0.0	 1.0
35 	 37	 38
0.9961137771606445	 0.07875006645917892	 -0.03944326937198639	 -0.03581893444061279
-0.07193785160779953	 0.9858338832855225	 0.1515139490365982	 0.022159099578857422
0.05081624537706375	 -0.14808766543865204	 0.9876678586006165	 0.0034492015838623047
0.0	 0.0	 0.0	 1.0
36 	 37	 38
0.9961137771606445	 0.07193785160779953	 0.05081624537706375	 0.017766118049621582
-0.07875006645917892	 0.9858338832855225	 0.14808766543865204	 0.16201305389404297
-0.03944326937198639	 -0.1515139490365982	 0.9876678586006165	 -0.0399472713470459
0.0	 0.0	 0.0	 1.0
