0 	 1	 37
0.9687204360961914	 0.0843096524477005	 0.2333935797214508	 -0.092132568359375
-0.025562290102243423	 0.9694162607192993	 -0.24408741295337677	 0.039780259132385254
-0.24683447182178497	 0.23048639297485352	 0.9412485361099243	 -0.08420693874359131
0.0	 0.0	 0.0	 1.0
0 	 12	 37
0.9851996898651123	 -0.12021611630916595	 -0.12218685448169708	 -0.8005285263061523
0.12360205501317978	 0.9921202659606934	 0.02049209550023079	 0.007179379463195801
0.11876057833433151	 -0.03529135137796402	 0.9922955632209778	 0.5707074403762817
0.0	 0.0	 0.0	 1.0
2 	 3	 37
0.6427876353263855	 -0.40273338556289673	 0.6516363024711609	 -0.17138874530792236
0.40273338556289673	 0.9012688994407654	 0.15975023806095123	 -0.030693411827087402
-0.6516363024711609	 0.15975023806095123	 0.7415186762809753	 0.04145669937133789
0.0	 0.0	 0.0	 1.0
3 	 4	 37
0.8786545991897583	 0.010705970227718353	 0.47733792662620544	 -0.22346603870391846
0.21719768643379211	 0.8813539147377014	 -0.4195716977119446	 -0.006940603256225586
-0.425195574760437	 0.4723352789878845	 0.7720803618431091	 -0.2437988519668579
0.0	 0.0	 0.0	 1.0
4 	 5	 37
0.9872065782546997	 -0.1147235706448555	 0.1107325628399849	 0.01054084300994873
0.0477362759411335	 0.8752828240394592	 0.4812496602535248	 0.0453222393989563
-0.15213298797607422	 -0.46980684995651245	 0.8695614337921143	 -0.026205480098724365
0.0	 0.0	 0.0	 1.0
5 	 6	 37
0.7660444378852844	 -0.3379334509372711	 0.5467877984046936	 -0.021254420280456543
0.3379334509372711	 0.9353362917900085	 0.10462810844182968	 0.08014976978302002
-0.5467877984046936	 0.10462810844182968	 0.8307081460952759	 0.052281975746154785
0.0	 0.0	 0.0	 1.0
6 	 7	 37
0.7660444378852844	 -0.3379334509372711	 0.5467877984046936	 -0.11227428913116455
0.3379334509372711	 0.9353362917900085	 0.10462810844182968	 0.10090482234954834
-0.5467877984046936	 0.10462810844182968	 0.8307081460952759	 -0.28227317333221436
0.0	 0.0	 0.0	 1.0
7 	 8	 37
0.8100887537002563	 -0.07948527485132217	 0.580894410610199	 -0.14494860172271729
0.2546253204345703	 0.9401534199714661	 -0.22644522786140442	 0.1958862543106079
-0.528130829334259	 0.3313511610031128	 0.7818467020988464	 -0.15689098834991455
0.0	 0.0	 0.0	 1.0
8 	 9	 37
0.9353362917900085	 0.10462810844182968	 0.3379334509372711	 -0.28421247005462646
0.10462810844182968	 0.8307081460952759	 -0.5467877984046936	 0.030845284461975098
-0.3379334509372711	 0.5467877984046936	 0.7660444378852844	 0.036757707595825195
0.0	 0.0	 0.0	 1.0
8 	 10	 37
0.7660444378852844	 -0.3379334509372711	 0.5467877984046936	 -0.036389708518981934
0.3379334509372711	 0.9353362917900085	 0.10462810844182968	 0.04936718940734863
-0.5467877984046936	 0.10462810844182968	 0.8307081460952759	 0.07403421401977539
0.0	 0.0	 0.0	 1.0
8 	 15	 37
0.8902616500854492	 -0.3775891363620758	 0.25467756390571594	 0.10761547088623047
0.3106018304824829	 0.9123125076293945	 0.2668565511703491	 -0.34475135803222656
-0.33310768008232117	 -0.1584688425064087	 0.9294766783714294	 0.7605241537094116
0.0	 0.0	 0.0	 1.0
10 	 14	 37
0.7660444378852844	 -0.3379334509372711	 0.5467877984046936	 -0.41532135009765625
0.3379334509372711	 0.9353362917900085	 0.10462810844182968	 -0.3121683597564697
-0.5467877984046936	 0.10462810844182968	 0.8307081460952759	 0.31641435623168945
0.0	 0.0	 0.0	 1.0
10 	 15	 37
0.9605283141136169	 0.1698646992444992	 -0.22029832005500793	 -0.40541207790374756
-0.12107501178979874	 0.9682546257972717	 0.21868667006492615	 -0.2972668409347534
0.2504520118236542	 -0.18338212370872498	 0.9506023526191711	 0.6149084568023682
0.0	 0.0	 0.0	 1.0
10 	 16	 37
0.9396926164627075	 0.17981062829494476	 -0.29093971848487854	 -0.23958265781402588
-0.17981062829494476	 0.9833314418792725	 0.026970280334353447	 -0.6056149005889893
0.29093971848487854	 0.026970280334353447	 0.9563611745834351	 1.1491059064865112
0.0	 0.0	 0.0	 1.0
11 	 12	 37
0.8307081460952759	 0.10462810844182968	 0.5467877984046936	 -0.403125524520874
0.10462810844182968	 0.9353362917900085	 -0.3379334509372711	 0.0813828706741333
-0.5467877984046936	 0.3379334509372711	 0.7660444378852844	 -0.13528025150299072
0.0	 0.0	 0.0	 1.0
11 	 13	 37
0.8100887537002563	 -0.07948527485132217	 0.580894410610199	 -0.3054335117340088
0.2546253204345703	 0.9401534199714661	 -0.22644522786140442	 0.08996415138244629
-0.528130829334259	 0.3313511610031128	 0.7818467020988464	 -0.487842321395874
0.0	 0.0	 0.0	 1.0
12 	 13	 37
0.9848077297210693	 -0.14771395921707153	 0.09129224717617035	 0.11866021156311035
0.14771395921707153	 0.989006757736206	 0.0067941793240606785	 0.04648458957672119
-0.09129224717617035	 0.0067941793240606785	 0.9958009719848633	 -0.22675776481628418
0.0	 0.0	 0.0	 1.0
14 	 15	 37
0.6768983602523804	 0.47232532501220703	 -0.5645506381988525	 0.00989067554473877
-0.2937191128730774	 0.8765861392021179	 0.3812161982059479	 -0.11669039726257324
0.6749353408813477	 -0.09222530573606491	 0.7320907115936279	 0.2518097162246704
0.0	 0.0	 0.0	 1.0
15 	 16	 37
0.9985492825508118	 0.024412794038653374	 -0.047993455082178116	 0.29082852602005005
-0.03200891986489296	 0.9858574867248535	 -0.16450044512748718	 -0.4192568063735962
0.04329879209399223	 0.16579802334308624	 0.9852087497711182	 0.34113818407058716
0.0	 0.0	 0.0	 1.0
16 	 17	 37
0.6427876353263855	 -0.40273338556289673	 0.6516363024711609	 -0.22632771730422974
0.40273338556289673	 0.9012688994407654	 0.15975023806095123	 -0.09127604961395264
-0.6516363024711609	 0.15975023806095123	 0.7415186762809753	 0.4867907166481018
0.0	 0.0	 0.0	 1.0
17 	 18	 37
0.9657288789749146	 0.186907097697258	 -0.180092915892601	 -0.03628194332122803
-0.2469814568758011	 0.875074565410614	 -0.41622671484947205	 -0.25239384174346924
0.07979899644851685	 0.44644176959991455	 0.8912473917007446	 0.4380919933319092
0.0	 0.0	 0.0	 1.0
17 	 19	 37
0.9123125076293945	 0.1584688425064087	 -0.3775891363620758	 0.02207648754119873
-0.2668565511703491	 0.9294766783714294	 -0.25467756390571594	 -0.7371951341629028
0.3106018304824829	 0.33310768008232117	 0.8902616500854492	 0.8573575019836426
0.0	 0.0	 0.0	 1.0
18 	 19	 37
0.989006757736206	 0.0067941793240606785	 -0.14771395921707153	 0.14022856950759888
0.0067941793240606785	 0.9958009719848633	 0.09129224717617035	 -0.19216394424438477
0.14771395921707153	 -0.09129224717617035	 0.9848077297210693	 0.5152524709701538
0.0	 0.0	 0.0	 1.0
19 	 20	 37
0.7883852124214172	 -0.37988269329071045	 0.4838779866695404	 -0.03319704532623291
0.26290491223335266	 0.9191703200340271	 0.2932693064212799	 0.0029581785202026367
-0.5561742186546326	 -0.10399528592824936	 0.8245333433151245	 0.46612685918807983
0.0	 0.0	 0.0	 1.0
20 	 21	 37
0.358995646238327	 -0.5863849520683289	 0.7261369228363037	 -0.2017541527748108
0.7330307960510254	 0.6587264537811279	 0.16954435408115387	 -0.20543062686920166
-0.5777438879013062	 0.47141504287719727	 0.6663181781768799	 0.15153920650482178
0.0	 0.0	 0.0	 1.0
21 	 22	 37
0.9305115938186646	 -0.015056530945003033	 0.36595287919044495	 -0.2754579782485962
0.14556550979614258	 0.9320573806762695	 -0.3317826986312866	 -0.17081725597381592
-0.33609357476234436	 0.3619977533817291	 0.8694818615913391	 0.02913367748260498
0.0	 0.0	 0.0	 1.0
21 	 28	 37
0.6768983602523804	 -0.2937191128730774	 0.6749353408813477	 0.11757218837738037
0.47232532501220703	 0.8765861392021179	 -0.09222530573606491	 -0.40220868587493896
-0.5645506381988525	 0.3812161982059479	 0.7320907115936279	 0.6382939219474792
0.0	 0.0	 0.0	 1.0
22 	 23	 37
0.9899954795837402	 0.1366332620382309	 -0.03521730750799179	 -0.14427757263183594
-0.1366332620382309	 0.8660253882408142	 -0.4809691905975342	 -0.2232438325881958
-0.03521730750799179	 0.4809691905975342	 0.876029908657074	 0.2610379457473755
0.0	 0.0	 0.0	 1.0
22 	 29	 37
0.9506023526191711	 0.2504520118236542	 -0.18338212370872498	 0.06202733516693115
-0.22029832005500793	 0.9605283141136169	 0.1698646992444992	 -0.40342986583709717
0.21868667006492615	 -0.12107501178979874	 0.9682546257972717	 0.9659134149551392
0.0	 0.0	 0.0	 1.0
23 	 28	 37
0.8272542357444763	 -0.46987080574035645	 0.3080126941204071	 0.19298577308654785
0.06536231935024261	 0.625	 0.7778835296630859	 0.24407333135604858
-0.5580127239227295	 -0.6233749985694885	 0.5477457642555237	 0.4164769649505615
0.0	 0.0	 0.0	 1.0
23 	 29	 37
0.9776592254638672	 -0.04593828693032265	 -0.20511484146118164	 0.1536540985107422
0.16291606426239014	 0.7822103500366211	 0.6013362407684326	 0.25523197650909424
0.13281859457492828	 -0.6213184595108032	 0.7722193002700806	 0.6814236640930176
0.0	 0.0	 0.0	 1.0
23 	 30	 37
0.876029908657074	 0.03521730750799179	 -0.4809691905975342	 0.2103867530822754
0.03521730750799179	 0.9899954795837402	 0.1366332620382309	 0.04751795530319214
0.4809691905975342	 -0.1366332620382309	 0.8660253882408142	 0.6422702074050903
0.0	 0.0	 0.0	 1.0
24 	 27	 37
0.8147251605987549	 0.05094243586063385	 0.5776052474975586	 -0.1059311032295227
0.29702967405319214	 0.818846583366394	 -0.4911859333515167	 -0.13936269283294678
-0.49799230694770813	 0.5717474222183228	 0.6520034670829773	 -0.13119065761566162
0.0	 0.0	 0.0	 1.0
24 	 28	 37
0.9605283141136169	 -0.1698646992444992	 0.22029832005500793	 0.04219627380371094
0.12107501178979874	 0.9682546257972717	 0.21868667006492615	 0.02781987190246582
-0.2504520118236542	 -0.18338212370872498	 0.9506023526191711	 0.03396475315093994
0.0	 0.0	 0.0	 1.0
25 	 27	 37
0.9776592254638672	 0.04593828693032265	 0.20511484146118164	 -0.04967045783996582
-0.16291606426239014	 0.7822103500366211	 0.6013362407684326	 -0.7645827531814575
-0.13281859457492828	 -0.6213184595108032	 0.7722193002700806	 -0.2602839469909668
0.0	 0.0	 0.0	 1.0
26 	 27	 37
0.5	 -0.45529648661613464	 0.7366852164268494	 -1.951916217803955
0.45529648661613464	 0.861803412437439	 0.22360679507255554	 -1.493806004524231
-0.7366852164268494	 0.22360679507255554	 0.638196587562561	 -1.72428560256958
0.0	 0.0	 0.0	 1.0
28 	 29	 37
0.6520034670829773	 0.49799230694770813	 -0.5717474222183228	 -0.1984100341796875
-0.5776052474975586	 0.8147251605987549	 0.05094243586063385	 -0.22852075099945068
0.4911859333515167	 0.29702967405319214	 0.818846583366394	 0.10534030199050903
0.0	 0.0	 0.0	 1.0
28 	 30	 37
0.11976386606693268	 0.6153876185417175	 -0.7790729999542236	 -0.21623718738555908
-0.9780648350715637	 -0.061574749648571014	 -0.1989918351173401	 -0.013063907623291016
-0.1704283356666565	 0.7858158946037292	 0.5945145487785339	 -0.12566107511520386
0.0	 0.0	 0.0	 1.0
29 	 30	 37
0.9191703200340271	 -0.2932693064212799	 -0.26290491223335266	 0.27830827236175537
0.10399528592824936	 0.8245333433151245	 -0.5561742186546326	 0.18964064121246338
0.37988269329071045	 0.4838779866695404	 0.7883852124214172	 -0.007896602153778076
0.0	 0.0	 0.0	 1.0
30 	 31	 37
0.9522542357444763	 0.26569435000419617	 -0.150394007563591	 -0.13357818126678467
-0.015694355592131615	 0.5345491766929626	 0.8449916243553162	 0.1582425832748413
0.30490249395370483	 -0.8022865653038025	 0.513196587562561	 0.5319540500640869
0.0	 0.0	 0.0	 1.0
31 	 32	 37
0.8083673715591431	 0.38387173414230347	 -0.44630107283592224	 -0.0023320913314819336
-0.5008494853973389	 0.8468741178512573	 -0.17875689268112183	 -0.26439958810806274
0.30934110283851624	 0.3680309057235718	 0.8768473863601685	 0.22968155145645142
0.0	 0.0	 0.0	 1.0
31 	 33	 37
0.40485161542892456	 0.3053513467311859	 -0.8618907928466797	 0.23524761199951172
-0.634341299533844	 0.7726735472679138	 -0.024222547188401222	 -0.6694771647453308
0.6585637927055359	 0.5565394163131714	 0.5065150856971741	 0.2542650103569031
0.0	 0.0	 0.0	 1.0
31 	 34	 37
0.9961137771606445	 -0.07875006645917892	 -0.03944326937198639	 -0.3858814239501953
0.07193785160779953	 0.9858338832855225	 -0.1515139490365982	 0.0031620264053344727
0.05081624537706375	 0.14808766543865204	 0.9876678586006165	 0.01933830976486206
0.0	 0.0	 0.0	 1.0
32 	 33	 37
0.8912473917007446	 0.07979899644851685	 -0.44644176959991455	 0.30704379081726074
-0.180092915892601	 0.9657288789749146	 -0.186907097697258	 -0.06312406063079834
0.41622671484947205	 0.2469814568758011	 0.875074565410614	 -0.015684545040130615
0.0	 0.0	 0.0	 1.0
32 	 34	 37
0.5373373031616211	 0.13143277168273926	 -0.8330630660057068	 0.6100189685821533
0.13143277168273926	 0.9626626968383789	 0.23665575683116913	 -0.052164673805236816
0.8330630660057068	 -0.23665575683116913	 0.5	 0.38538026809692383
0.0	 0.0	 0.0	 1.0
32 	 35	 37
0.5373373031616211	 -0.13143277168273926	 -0.8330630660057068	 0.845313549041748
-0.13143277168273926	 0.9626626968383789	 -0.23665575683116913	 -0.05399024486541748
0.8330630660057068	 0.23665575683116913	 0.5	 0.32619649171829224
0.0	 0.0	 0.0	 1.0
32 	 36	 37
0.3593863248825073	 -0.34867629408836365	 -0.8656017184257507	 0.7898845672607422
0.14534933865070343	 0.937168538570404	 -0.3171572983264923	 0.09221768379211426
0.921799898147583	 -0.011832643300294876	 0.38748544454574585	 0.3698473870754242
0.0	 0.0	 0.0	 1.0
33 	 34	 37
0.9191703200340271	 0.2932693064212799	 -0.26290491223335266	 0.01273036003112793
-0.10399528592824936	 0.8245333433151245	 0.5561742186546326	 0.004816830158233643
0.37988269329071045	 -0.4838779866695404	 0.7883852124214172	 0.21681058406829834
0.0	 0.0	 0.0	 1.0
33 	 35	 37
0.8695614337921143	 0.1107325628399849	 -0.4812496602535248	 0.10387969017028809
-0.15213298797607422	 0.9872065782546997	 -0.0477362759411335	 0.28611481189727783
0.46980684995651245	 0.1147235706448555	 0.8752828240394592	 0.12610143423080444
0.0	 0.0	 0.0	 1.0
33 	 36	 37
0.7883852124214172	 0.37988269329071045	 -0.4838779866695404	 0.019400715827941895
-0.26290491223335266	 0.9191703200340271	 0.2932693064212799	 -0.02059704065322876
0.5561742186546326	 -0.10399528592824936	 0.8245333433151245	 0.16610318422317505
0.0	 0.0	 0.0	 1.0
34 	 35	 37
0.9776592254638672	 0.04593828693032265	 -0.20511484146118164	 0.09129369258880615
-0.16291606426239014	 0.7822103500366211	 -0.6013362407684326	 0.18399453163146973
0.13281859457492828	 0.6213184595108032	 0.7722193002700806	 -0.033963799476623535
0.0	 0.0	 0.0	 1.0
34 	 36	 37
0.9872065782546997	 0.0477362759411335	 -0.15213298797607422	 -0.007102608680725098
-0.1147235706448555	 0.8752828240394592	 -0.46980684995651245	 0.1576327085494995
0.1107325628399849	 0.4812496602535248	 0.8695614337921143	 -0.04416489601135254
0.0	 0.0	 0.0	 1.0
35 	 36	 37
1.0	 0.0	 0.0	 -0.0700000524520874
0.0	 0.9848077297210693	 0.1736481785774231	 -0.31846165657043457
0.0	 -0.1736481785774231	 0.9848077297210693	 -0.023032188415527344
0.0	 0.0	 0.0	 1.0
