0 	 1	 57
0.7883852124214172	 -0.37988269329071045	 0.4838779866695404	 -0.3081156611442566
0.26290491223335266	 0.9191703200340271	 0.2932693064212799	 -0.0372546911239624
-0.5561742186546326	 -0.10399528592824936	 0.8245333433151245	 0.048205018043518066
0.0	 0.0	 0.0	 1.0
0 	 14	 57
0.9412842988967896	 0.0992233157157898	 -0.32270506024360657	 0.8165512084960938
-0.08058731257915497	 0.9942411780357361	 0.07064138352870941	 -0.07738471031188965
0.3278559148311615	 -0.04048769548535347	 0.9438597559928894	 0.17784619331359863
0.0	 0.0	 0.0	 1.0
0 	 24	 57
0.5	 -0.45529648661613464	 0.7366852164268494	 -1.2797400951385498
0.45529648661613464	 0.861803412437439	 0.22360679507255554	 -0.4173051118850708
-0.7366852164268494	 0.22360679507255554	 0.638196587562561	 1.046234369277954
0.0	 0.0	 0.0	 1.0
0 	 25	 57
0.6427876353263855	 -0.40273338556289673	 0.6516363024711609	 -1.1769895553588867
0.40273338556289673	 0.9012688994407654	 0.15975023806095123	 -0.021049022674560547
-0.6516363024711609	 0.15975023806095123	 0.7415186762809753	 0.344552218914032
0.0	 0.0	 0.0	 1.0
0 	 26	 57
0.8660253882408142	 -0.2628655433654785	 0.4253253936767578	 -1.8839359283447266
0.2628655433654785	 0.9629703164100647	 0.05991525948047638	 0.32581663131713867
-0.4253253936767578	 0.05991525948047638	 0.9030550718307495	 -0.07481956481933594
0.0	 0.0	 0.0	 1.0
1 	 2	 57
0.7662014365196228	 -0.18132270872592926	 0.616487979888916	 -0.20347559452056885
0.4703136086463928	 0.811965823173523	 -0.34571173787117004	 -0.09175646305084229
-0.4378817677497864	 0.5548275113105774	 0.7074079513549805	 -0.2974011301994324
0.0	 0.0	 0.0	 1.0
1 	 14	 57
0.6427876353263855	 0.40273338556289673	 -0.6516363024711609	 0.5178217887878418
-0.40273338556289673	 0.9012688994407654	 0.15975023806095123	 -0.522729754447937
0.6516363024711609	 0.15975023806095123	 0.7415186762809753	 0.4784168601036072
0.0	 0.0	 0.0	 1.0
1 	 15	 57
0.8694818615913391	 -0.33609357476234436	 0.3619977533817291	 0.06631577014923096
0.36595287919044495	 0.9305115938186646	 -0.015056530945003033	 -0.2624434232711792
-0.3317826986312866	 0.14556550979614258	 0.9320573806762695	 0.4695201516151428
0.0	 0.0	 0.0	 1.0
1 	 16	 57
0.5	 -0.45529648661613464	 0.7366852164268494	 -0.47501426935195923
0.45529648661613464	 0.861803412437439	 0.22360679507255554	 -0.48575359582901
-0.7366852164268494	 0.22360679507255554	 0.638196587562561	 0.012549340724945068
0.0	 0.0	 0.0	 1.0
1 	 23	 57
0.1736481785774231	 -0.5177440643310547	 0.8377274870872498	 -1.7702198028564453
0.5177440643310547	 0.7716019749641418	 0.3695557713508606	 -0.6036587953567505
-0.8377274870872498	 0.3695557713508606	 0.40204620361328125	 0.7092534899711609
0.0	 0.0	 0.0	 1.0
1 	 24	 57
0.8788188099861145	 -0.21650634706020355	 0.42520871758461	 -1.61301851272583
0.28349363803863525	 0.9537129402160645	 -0.10031463205814362	 -0.08851039409637451
-0.38380828499794006	 0.20870235562324524	 0.8995190262794495	 0.42864787578582764
0.0	 0.0	 0.0	 1.0
1 	 25	 57
0.9454514384269714	 -0.1559332311153412	 0.28601810336112976	 -1.1081774234771729
0.18608692288398743	 0.9791643023490906	 -0.0812951922416687	 0.15369093418121338
-0.26738211512565613	 0.13008488714694977	 0.954769492149353	 -0.13716334104537964
0.0	 0.0	 0.0	 1.0
2 	 15	 57
0.9191703200340271	 0.2932693064212799	 -0.26290491223335266	 -0.05945634841918945
-0.10399528592824936	 0.8245333433151245	 0.5561742186546326	 0.11377167701721191
0.37988269329071045	 -0.4838779866695404	 0.7883852124214172	 0.8637198805809021
0.0	 0.0	 0.0	 1.0
2 	 16	 57
0.9833314418792725	 -0.026970280334353447	 0.17981062829494476	 -0.11886632442474365
-0.026970280334353447	 0.9563611745834351	 0.29093971848487854	 0.20618832111358643
-0.17981062829494476	 -0.29093971848487854	 0.9396926164627075	 0.029125094413757324
0.0	 0.0	 0.0	 1.0
3 	 4	 57
0.9658892750740051	 -0.035148367285728455	 0.2565590441226959	 0.10212826728820801
0.2137545645236969	 0.667470395565033	 -0.7132967710494995	 0.49009251594543457
-0.146174356341362	 0.7438063621520996	 0.6522156000137329	 -0.41881299018859863
0.0	 0.0	 0.0	 1.0
3 	 12	 57
0.8100887537002563	 -0.07948527485132217	 0.580894410610199	 -1.5174639225006104
0.2546253204345703	 0.9401534199714661	 -0.22644522786140442	 -0.1171424388885498
-0.528130829334259	 0.3313511610031128	 0.7818467020988464	 0.6289565563201904
0.0	 0.0	 0.0	 1.0
3 	 16	 57
0.7883852124214172	 0.26290491223335266	 -0.5561742186546326	 0.08647394180297852
-0.37988269329071045	 0.9191703200340271	 -0.10399528592824936	 0.03127479553222656
0.4838779866695404	 0.2932693064212799	 0.8245333433151245	 0.05980634689331055
0.0	 0.0	 0.0	 1.0
3 	 17	 57
0.9510460495948792	 -0.06631509959697723	 0.30185049772262573	 -0.3681368827819824
0.11146143823862076	 0.9845731854438782	 -0.13487768173217773	 0.45030462741851807
-0.28824949264526367	 0.16191957890987396	 0.9437659978866577	 -0.5660104751586914
0.0	 0.0	 0.0	 1.0
4 	 17	 57
0.9899954795837402	 0.1366332620382309	 0.03521730750799179	 -0.28057920932769775
-0.1366332620382309	 0.8660253882408142	 0.4809691905975342	 0.21339386701583862
0.03521730750799179	 -0.4809691905975342	 0.876029908657074	 -0.29015660285949707
0.0	 0.0	 0.0	 1.0
5 	 6	 57
0.8147251605987549	 0.05094243586063385	 0.5776052474975586	 -0.3804711103439331
0.29702967405319214	 0.818846583366394	 -0.4911859333515167	 0.05763530731201172
-0.49799230694770813	 0.5717474222183228	 0.6520034670829773	 0.01664423942565918
0.0	 0.0	 0.0	 1.0
5 	 11	 57
0.5941296219825745	 -0.037922006100416183	 0.8034749031066895	 -1.940351963043213
0.4122239947319031	 0.872098445892334	 -0.26365822553634644	 0.5733270645141602
-0.6907107830047607	 0.4878588020801544	 0.5337719321250916	 -0.08136260509490967
0.0	 0.0	 0.0	 1.0
5 	 13	 57
0.6768983602523804	 -0.2937191128730774	 0.6749353408813477	 -1.4150235652923584
0.47232532501220703	 0.8765861392021179	 -0.09222530573606491	 0.45285701751708984
-0.5645506381988525	 0.3812161982059479	 0.7320907115936279	 -0.15960156917572021
0.0	 0.0	 0.0	 1.0
5 	 17	 57
0.5	 0.45529648661613464	 -0.7366852164268494	 0.4309278726577759
-0.45529648661613464	 0.861803412437439	 0.22360679507255554	 -0.10674667358398438
0.7366852164268494	 0.22360679507255554	 0.638196587562561	 0.03149735927581787
0.0	 0.0	 0.0	 1.0
5 	 18	 57
0.8788188099861145	 -0.21650634706020355	 0.42520871758461	 0.08145630359649658
0.28349363803863525	 0.9537129402160645	 -0.10031463205814362	 0.32325124740600586
-0.38380828499794006	 0.20870235562324524	 0.8995190262794495	 -0.21359968185424805
0.0	 0.0	 0.0	 1.0
5 	 22	 57
0.9848077297210693	 -0.09129224717617035	 0.14771395921707153	 0.38533449172973633
0.09129224717617035	 0.9958009719848633	 0.0067941793240606785	 0.3268474340438843
-0.14771395921707153	 0.0067941793240606785	 0.989006757736206	 -0.6543052196502686
0.0	 0.0	 0.0	 1.0
5 	 32	 57
0.9605283141136169	 0.1698646992444992	 -0.22029832005500793	 1.336532711982727
-0.12107501178979874	 0.9682546257972717	 0.21868667006492615	 0.2823359966278076
0.2504520118236542	 -0.18338212370872498	 0.9506023526191711	 -0.5991160869598389
0.0	 0.0	 0.0	 1.0
6 	 18	 57
1.0	 0.0	 0.0	 0.1679999828338623
0.0	 0.8660253882408142	 0.5	 0.022403717041015625
0.0	 -0.5	 0.8660253882408142	 -0.11497795581817627
0.0	 0.0	 0.0	 1.0
7 	 19	 57
0.8468741178512573	 0.17875689268112183	 -0.5008494853973389	 1.1757099628448486
-0.3680309057235718	 0.8768473863601685	 -0.30934110283851624	 -0.5634877681732178
0.38387173414230347	 0.44630107283592224	 0.8083673715591431	 0.25817549228668213
0.0	 0.0	 0.0	 1.0
8 	 9	 57
0.9687204360961914	 -0.0843096524477005	 0.2333935797214508	 0.35874247550964355
0.025562290102243423	 0.9694162607192993	 0.24408741295337677	 0.06211888790130615
-0.24683447182178497	 -0.23048639297485352	 0.9412485361099243	 0.19619214534759521
0.0	 0.0	 0.0	 1.0
9 	 10	 57
0.7660444378852844	 0.3379334509372711	 -0.5467877984046936	 1.2379298210144043
-0.3379334509372711	 0.9353362917900085	 0.10462810844182968	 -0.4478687047958374
0.5467877984046936	 0.10462810844182968	 0.8307081460952759	 0.0741128921508789
0.0	 0.0	 0.0	 1.0
9 	 26	 57
0.5	 -0.45529648661613464	 0.7366852164268494	 -1.6580854654312134
0.45529648661613464	 0.861803412437439	 0.22360679507255554	 -0.32957953214645386
-0.7366852164268494	 0.22360679507255554	 0.638196587562561	 0.5864663124084473
0.0	 0.0	 0.0	 1.0
10 	 26	 57
1.1102230246251565e-16	 -0.525731086730957	 0.8506507873535156	 -2.2817931175231934
0.525731086730957	 0.7236068248748779	 0.4472135901451111	 -0.8986645936965942
-0.8506507873535156	 0.4472135901451111	 0.27639320492744446	 2.140357494354248
0.0	 0.0	 0.0	 1.0
11 	 13	 57
0.9961137771606445	 -0.07875006645917892	 0.03944326937198639	 -0.07542550563812256
0.07193785160779953	 0.9858338832855225	 0.1515139490365982	 0.13459014892578125
-0.05081624537706375	 -0.14808766543865204	 0.9876678586006165	 0.22938752174377441
0.0	 0.0	 0.0	 1.0
12 	 16	 57
0.19545824825763702	 0.3865504264831543	 -0.901318371295929	 1.6420471668243408
-0.13119365274906158	 0.9210904240608215	 0.36657968163490295	 -0.4848649501800537
0.9718972444534302	 0.046596236526966095	 0.23074768483638763	 0.6644911766052246
0.0	 0.0	 0.0	 1.0
12 	 17	 57
0.8788188099861145	 0.28349363803863525	 -0.38380828499794006	 1.9229886531829834
-0.21650634706020355	 0.9537129402160645	 0.20870235562324524	 -0.14153355360031128
0.42520871758461	 -0.10031463205814362	 0.8995190262794495	 -0.14902281761169434
0.0	 0.0	 0.0	 1.0
13 	 18	 57
0.8788188099861145	 0.28349363803863525	 -0.38380828499794006	 1.0481902360916138
-0.21650634706020355	 0.9537129402160645	 0.20870235562324524	 -0.7312088012695312
0.42520871758461	 -0.10031463205814362	 0.8995190262794495	 1.0603007078170776
0.0	 0.0	 0.0	 1.0
13 	 22	 57
0.7883852124214172	 0.37988269329071045	 -0.4838779866695404	 1.4930537939071655
-0.26290491223335266	 0.9191703200340271	 0.2932693064212799	 -0.7605202198028564
0.5561742186546326	 -0.10399528592824936	 0.8245333433151245	 0.9745689630508423
0.0	 0.0	 0.0	 1.0
13 	 27	 57
0.9454514384269714	 -0.18608692288398743	 0.26738211512565613	 -0.5361522436141968
0.1559332311153412	 0.9791643023490906	 0.13008488714694977	 0.02804708480834961
-0.28601810336112976	 -0.0812951922416687	 0.954769492149353	 0.1115579605102539
0.0	 0.0	 0.0	 1.0
13 	 29	 57
0.9862585067749023	 -0.08302602916955948	 0.14283165335655212	 -0.7938473224639893
0.09062214940786362	 0.9947512149810791	 -0.04751484468579292	 0.09112691879272461
-0.13813699781894684	 0.05980563163757324	 0.988605797290802	 -0.18802344799041748
0.0	 0.0	 0.0	 1.0
13 	 32	 57
0.9682546257972717	 -0.21868667006492615	 0.12107501178979874	 -0.7161797285079956
0.18338212370872498	 0.9506023526191711	 0.2504520118236542	 0.38082170486450195
-0.1698646992444992	 -0.22029832005500793	 0.9605283141136169	 -0.48835718631744385
0.0	 0.0	 0.0	 1.0
14 	 23	 57
-0.6427876353263855	 -0.40273338556289673	 0.6516363024711609	 -1.288811206817627
0.40273338556289673	 0.5459446907043457	 0.7346769571304321	 -0.8427560925483704
-0.6516363024711609	 0.7346769571304321	 -0.18873228132724762	 1.708043098449707
0.0	 0.0	 0.0	 1.0
14 	 24	 57
0.1736481785774231	 -0.5177440643310547	 0.8377274870872498	 -1.5967977046966553
0.5177440643310547	 0.7716019749641418	 0.3695557713508606	 -0.6057784557342529
-0.8377274870872498	 0.3695557713508606	 0.40204620361328125	 1.4438037872314453
0.0	 0.0	 0.0	 1.0
14 	 25	 57
0.3420201539993286	 -0.49402564764022827	 0.7993502616882324	 -1.746943712234497
0.49402564764022827	 0.818138837814331	 0.2942575514316559	 -0.3226320147514343
-0.7993502616882324	 0.2942575514316559	 0.5238813161849976	 0.7111327648162842
0.0	 0.0	 0.0	 1.0
14 	 26	 57
0.6427876353263855	 -0.40273338556289673	 0.6516363024711609	 -2.612537384033203
0.40273338556289673	 0.9012688994407654	 0.15975023806095123	 -0.08897727727890015
-0.6516363024711609	 0.15975023806095123	 0.7415186762809753	 0.5944440364837646
0.0	 0.0	 0.0	 1.0
15 	 16	 57
0.8912473917007446	 -0.07979899644851685	 0.44644176959991455	 -0.2197268009185791
0.180092915892601	 0.9657288789749146	 -0.186907097697258	 0.4512763023376465
-0.41622671484947205	 0.2469814568758011	 0.875074565410614	 -0.6174395084381104
0.0	 0.0	 0.0	 1.0
15 	 23	 57
0.6768983602523804	 -0.2937191128730774	 0.6749353408813477	 -1.6216310262680054
0.47232532501220703	 0.8765861392021179	 -0.09222530573606491	 0.7873961925506592
-0.5645506381988525	 0.3812161982059479	 0.7320907115936279	 -0.520041823387146
0.0	 0.0	 0.0	 1.0
16 	 17	 57
0.6427876353263855	 -0.40273338556289673	 0.6516363024711609	 -0.5854756832122803
0.40273338556289673	 0.9012688994407654	 0.15975023806095123	 0.3017456531524658
-0.6516363024711609	 0.15975023806095123	 0.7415186762809753	 -0.4729022979736328
0.0	 0.0	 0.0	 1.0
16 	 23	 57
0.9396926164627075	 -0.17981062829494476	 0.29093971848487854	 -1.234626293182373
0.17981062829494476	 0.9833314418792725	 0.026970280334353447	 0.4750157594680786
-0.29093971848487854	 0.026970280334353447	 0.9563611745834351	 -0.6001198291778564
0.0	 0.0	 0.0	 1.0
18 	 22	 57
0.9454514384269714	 0.18608692288398743	 -0.26738211512565613	 0.5364232063293457
-0.1559332311153412	 0.9791643023490906	 0.13008488714694977	 -0.08099853992462158
0.28601810336112976	 -0.0812951922416687	 0.954769492149353	 -0.1801273226737976
0.0	 0.0	 0.0	 1.0
19 	 21	 57
0.8695614337921143	 -0.15213298797607422	 0.46980684995651245	 0.21041595935821533
0.1107325628399849	 0.9872065782546997	 0.1147235706448555	 -0.019791841506958008
-0.4812496602535248	 -0.0477362759411335	 0.8752828240394592	 0.05856049060821533
0.0	 0.0	 0.0	 1.0
19 	 31	 57
0.06909830123186111	 0.9083514213562012	 0.4124598503112793	 -0.5697490572929382
-0.9937615990638733	 0.02639320306479931	 0.10835705697536469	 0.6395285129547119
0.0875401496887207	 -0.41737404465675354	 0.9045084714889526	 -0.34932827949523926
0.0	 0.0	 0.0	 1.0
20 	 21	 57
0.9791643023490906	 0.0812951922416687	 -0.18608692288398743	 0.03762519359588623
-0.13008488714694977	 0.954769492149353	 -0.26738211512565613	 -0.07784062623977661
0.1559332311153412	 0.28601810336112976	 0.9454514384269714	 -0.22378158569335938
0.0	 0.0	 0.0	 1.0
20 	 30	 57
-0.948401153087616	 0.22287286818027496	 -0.22552825510501862	 0.4366844892501831
0.22287286818027496	 -0.037337299436330795	 -0.974132239818573	 1.628675937652588
-0.22552825510501862	 -0.974132239818573	 -0.014261579141020775	 0.8890737891197205
0.0	 0.0	 0.0	 1.0
20 	 31	 57
0.7406656742095947	 0.10443029552698135	 0.6637082695960999	 -2.6443369388580322
0.38263583183288574	 0.7464346289634705	 -0.5444494485855103	 0.1520094871520996
-0.552271842956543	 0.657213568687439	 0.5128996968269348	 0.30031734704971313
0.0	 0.0	 0.0	 1.0
21 	 30	 57
-0.2138686180114746	 0.8053513169288635	 -0.5528737902641296	 0.6693930625915527
-0.1343412697315216	 0.5363434553146362	 0.8332395553588867	 -1.2240219116210938
0.9675807952880859	 0.2524775564670563	 -0.006515107583254576	 2.595236301422119
0.0	 0.0	 0.0	 1.0
21 	 31	 57
0.5941296219825745	 -0.037922006100416183	 0.8034749031066895	 -2.547166347503662
0.4122239947319031	 0.872098445892334	 -0.26365822553634644	 -0.09233474731445312
-0.6907107830047607	 0.4878588020801544	 0.5337719321250916	 0.8648363947868347
0.0	 0.0	 0.0	 1.0
24 	 25	 57
0.9859422445297241	 0.003993518650531769	 -0.16703884303569794	 0.7335096001625061
0.003993518650531769	 0.99886554479599	 0.047452233731746674	 0.11646056175231934
0.16703884303569794	 -0.047452233731746674	 0.9848077297210693	 -0.30134063959121704
0.0	 0.0	 0.0	 1.0
24 	 26	 57
0.8695614337921143	 0.15213298797607422	 -0.46980684995651245	 0.8277192711830139
-0.1107325628399849	 0.9872065782546997	 0.1147235706448555	 0.39603257179260254
0.4812496602535248	 -0.0477362759411335	 0.8752828240394592	 -0.9945316910743713
0.0	 0.0	 0.0	 1.0
25 	 26	 57
0.9412842988967896	 0.0992233157157898	 -0.32270506024360657	 0.009657502174377441
-0.08058731257915497	 0.9942411780357361	 0.07064138352870941	 0.3095589876174927
0.3278559148311615	 -0.04048769548535347	 0.9438597559928894	 -0.6989759206771851
0.0	 0.0	 0.0	 1.0
26 	 29	 57
0.7883852124214172	 -0.26290491223335266	 0.5561742186546326	 -0.4311329126358032
0.37988269329071045	 0.9191703200340271	 -0.10399528592824936	 0.5761747360229492
-0.4838779866695404	 0.2932693064212799	 0.8245333433151245	 -0.6500964164733887
0.0	 0.0	 0.0	 1.0
27 	 28	 57
0.9629703164100647	 0.05991525948047638	 0.2628655433654785	 0.030739903450012207
0.05991525948047638	 0.9030550718307495	 -0.4253253936767578	 0.17757058143615723
-0.2628655433654785	 0.4253253936767578	 0.8660253882408142	 -0.34396427869796753
0.0	 0.0	 0.0	 1.0
27 	 29	 57
0.9454514384269714	 0.1559332311153412	 -0.28601810336112976	 0.187294602394104
-0.18608692288398743	 0.9791643023490906	 -0.0812951922416687	 -0.053966641426086426
0.26738211512565613	 0.13008488714694977	 0.954769492149353	 -0.2676641345024109
0.0	 0.0	 0.0	 1.0
27 	 32	 57
0.9958009719848633	 0.0067941793240606785	 -0.09129224717617035	 -0.07315385341644287
0.0067941793240606785	 0.989006757736206	 0.14771395921707153	 0.4051499366760254
0.09129224717617035	 -0.14771395921707153	 0.9848077297210693	 -0.5034558176994324
0.0	 0.0	 0.0	 1.0
28 	 29	 57
0.8100887537002563	 0.2546253204345703	 -0.528130829334259	 0.05673515796661377
-0.07948527485132217	 0.9401534199714661	 0.3313511610031128	 -0.15362012386322021
0.580894410610199	 -0.22644522786140442	 0.7818467020988464	 0.2607625722885132
0.0	 0.0	 0.0	 1.0
28 	 32	 57
0.9872065782546997	 -0.0477362759411335	 -0.15213298797607422	 -0.8575881719589233
0.1147235706448555	 0.8752828240394592	 0.46980684995651245	 -0.07969415187835693
0.1107325628399849	 -0.4812496602535248	 0.8695614337921143	 1.3715953826904297
0.0	 0.0	 0.0	 1.0
29 	 32	 57
0.9845731854438782	 -0.16191957890987396	 0.06631509959697723	 -0.2740964889526367
0.13487768173217773	 0.9437659978866577	 0.30185049772262573	 0.2207871675491333
-0.11146143823862076	 -0.28824949264526367	 0.9510460495948792	 -0.175706148147583
0.0	 0.0	 0.0	 1.0
30 	 31	 57
0.9776592254638672	 0.04593828693032265	 -0.20511484146118164	 -0.07515215873718262
-0.16291606426239014	 0.7822103500366211	 -0.6013362407684326	 -0.06454741954803467
0.13281859457492828	 0.6213184595108032	 0.7722193002700806	 -0.26920127868652344
0.0	 0.0	 0.0	 1.0
33 	 35	 57
0.9682546257972717	 -0.18338212370872498	 0.1698646992444992	 0.016038179397583008
0.21868667006492615	 0.9506023526191711	 -0.22029832005500793	 -0.04138374328613281
-0.12107501178979874	 0.2504520118236542	 0.9605283141136169	 -0.005454659461975098
0.0	 0.0	 0.0	 1.0
36 	 37	 57
0.9454514384269714	 -0.1559332311153412	 0.28601810336112976	 -0.22539889812469482
0.18608692288398743	 0.9791643023490906	 -0.0812951922416687	 0.05921316146850586
-0.26738211512565613	 0.13008488714694977	 0.954769492149353	 -0.2800408601760864
0.0	 0.0	 0.0	 1.0
38 	 39	 57
0.7720803618431091	 0.47733792662620544	 -0.4195716977119446	 0.4569607377052307
-0.425195574760437	 0.8786545991897583	 0.21719768643379211	 -0.3016586899757385
0.4723352789878845	 0.010705970227718353	 0.8813539147377014	 0.26727527379989624
0.0	 0.0	 0.0	 1.0
38 	 40	 57
0.7406656742095947	 -0.10443029552698135	 -0.6637082695960999	 0.739812433719635
-0.38263583183288574	 0.7464346289634705	 -0.5444494485855103	 -0.01747572422027588
0.552271842956543	 0.657213568687439	 0.5128996968269348	 0.10485917329788208
0.0	 0.0	 0.0	 1.0
38 	 41	 57
0.954769492149353	 -0.28601810336112976	 0.0812951922416687	 0.16796797513961792
0.26738211512565613	 0.9454514384269714	 0.18608692288398743	 -0.36630234122276306
-0.13008488714694977	 -0.1559332311153412	 0.9791643023490906	 0.5729811787605286
0.0	 0.0	 0.0	 1.0
38 	 56	 57
0.25255775451660156	 0.28581592440605164	 -0.9244045615196228	 2.129802942276001
-0.6989918351173401	 0.7145024538040161	 0.029944002628326416	 0.1054258942604065
0.6690478324890137	 0.6385886669158936	 0.38023611903190613	 -0.523997962474823
0.0	 0.0	 0.0	 1.0
39 	 40	 57
1.0	 0.0	 0.0	 -0.11399990320205688
0.0	 0.7660444378852844	 -0.6427876353263855	 0.045611023902893066
0.0	 0.6427876353263855	 0.7660444378852844	 -0.3809952735900879
0.0	 0.0	 0.0	 1.0
39 	 41	 57
0.6427876353263855	 -0.6516363024711609	 0.40273338556289673	 -0.03529250621795654
0.6516363024711609	 0.7415186762809753	 0.15975023806095123	 -0.1571664810180664
-0.40273338556289673	 0.15975023806095123	 0.9012688994407654	 0.29906022548675537
0.0	 0.0	 0.0	 1.0
39 	 56	 57
0.7662014365196228	 0.18132270872592926	 -0.616487979888916	 0.9578792452812195
-0.4703136086463928	 0.811965823173523	 -0.34571173787117004	 0.8598253726959229
0.4378817677497864	 0.5548275113105774	 0.7074079513549805	 -1.3135840892791748
0.0	 0.0	 0.0	 1.0
40 	 56	 57
0.8912473917007446	 0.180092915892601	 -0.41622671484947205	 0.44833773374557495
-0.07979899644851685	 0.9657288789749146	 0.2469814568758011	 -0.16385096311569214
0.44644176959991455	 -0.186907097697258	 0.875074565410614	 -1.408113956451416
0.0	 0.0	 0.0	 1.0
41 	 56	 57
-0.3420201539993286	 -0.9039263725280762	 0.2567865550518036	 -0.2520917057991028
0.9039263725280762	 -0.2418053299188614	 0.3527708649635315	 0.12032777070999146
-0.2567865550518036	 0.3527708649635315	 0.8997851610183716	 -0.1553165316581726
0.0	 0.0	 0.0	 1.0
42 	 43	 57
0.7720803618431091	 -0.425195574760437	 0.4723352789878845	 -0.1406537890434265
0.47733792662620544	 0.8786545991897583	 0.010705970227718353	 -0.31835055351257324
-0.4195716977119446	 0.21719768643379211	 0.8813539147377014	 0.2498096227645874
0.0	 0.0	 0.0	 1.0
43 	 44	 57
0.872098445892334	 0.26365822553634644	 -0.4122239947319031	 -0.11168241500854492
-0.4878588020801544	 0.5337719321250916	 -0.6907107830047607	 -0.2257758378982544
0.037922006100416183	 0.8034749031066895	 0.5941296219825745	 0.08840906620025635
0.0	 0.0	 0.0	 1.0
44 	 48	 57
0.9848077297210693	 -0.09129224717617035	 0.14771395921707153	 0.2199903130531311
0.09129224717617035	 0.9958009719848633	 0.0067941793240606785	 0.0049762725830078125
-0.14771395921707153	 0.0067941793240606785	 0.989006757736206	 0.41400986909866333
0.0	 0.0	 0.0	 1.0
45 	 47	 57
0.6768983602523804	 -0.2937191128730774	 0.6749353408813477	 -0.13916265964508057
0.47232532501220703	 0.8765861392021179	 -0.09222530573606491	 0.09816348552703857
-0.5645506381988525	 0.3812161982059479	 0.7320907115936279	 0.10536718368530273
0.0	 0.0	 0.0	 1.0
46 	 47	 57
-0.24928882718086243	 -0.9510118961334229	 0.18284271657466888	 -0.46436119079589844
0.8363896608352661	 -0.3065999448299408	 -0.4543663263320923	 0.3122667074203491
0.48816734552383423	 0.03965930640697479	 0.871848464012146	 0.1978204846382141
0.0	 0.0	 0.0	 1.0
46 	 56	 57
0.7662014365196228	 -0.18132270872592926	 0.616487979888916	 -0.8049235939979553
0.4703136086463928	 0.811965823173523	 -0.34571173787117004	 0.34953582286834717
-0.4378817677497864	 0.5548275113105774	 0.7074079513549805	 -0.6405179500579834
0.0	 0.0	 0.0	 1.0
49 	 50	 57
0.5	 0.45529648661613464	 -0.7366852164268494	 0.29734039306640625
-0.45529648661613464	 0.861803412437439	 0.22360679507255554	 -0.2522726058959961
0.7366852164268494	 0.22360679507255554	 0.638196587562561	 0.3227682113647461
0.0	 0.0	 0.0	 1.0
49 	 51	 57
0.7662014365196228	 0.18132270872592926	 -0.616487979888916	 0.23819100856781006
-0.4703136086463928	 0.811965823173523	 -0.34571173787117004	 -0.07730710506439209
0.4378817677497864	 0.5548275113105774	 0.7074079513549805	 0.09799140691757202
0.0	 0.0	 0.0	 1.0
49 	 52	 57
0.9657288789749146	 0.186907097697258	 -0.180092915892601	 0.25784850120544434
-0.2469814568758011	 0.875074565410614	 -0.41622671484947205	 0.09076857566833496
0.07979899644851685	 0.44644176959991455	 0.8912473917007446	 0.2023000717163086
0.0	 0.0	 0.0	 1.0
49 	 53	 57
0.5128996968269348	 0.6637082695960999	 -0.5444494485855103	 0.13745343685150146
-0.552271842956543	 0.7406656742095947	 0.38263583183288574	 -0.2471245527267456
0.657213568687439	 0.10443029552698135	 0.7464346289634705	 0.4033716320991516
0.0	 0.0	 0.0	 1.0
49 	 55	 57
0.2104101926088333	 0.06997931003570557	 -0.975105345249176	 1.1031663417816162
-0.9480946063995361	 -0.22864745557308197	 -0.220990851521492	 -0.31383728981018066
-0.23842014372348785	 0.9709908366203308	 0.01823725365102291	 1.097670555114746
0.0	 0.0	 0.0	 1.0
50 	 51	 57
0.9305115938186646	 -0.015056530945003033	 0.36595287919044495	 -0.1571592092514038
0.14556550979614258	 0.9320573806762695	 -0.3317826986312866	 0.008751630783081055
-0.33609357476234436	 0.3619977533817291	 0.8694818615913391	 -0.07302320003509521
0.0	 0.0	 0.0	 1.0
50 	 52	 57
0.7883852124214172	 0.26290491223335266	 -0.5561742186546326	 0.9257824420928955
-0.37988269329071045	 0.9191703200340271	 -0.10399528592824936	 -0.5215896964073181
0.4838779866695404	 0.2932693064212799	 0.8245333433151245	 0.31987321376800537
0.0	 0.0	 0.0	 1.0
50 	 53	 57
0.99886554479599	 -0.047452233731746674	 -0.003993518650531769	 -0.009160399436950684
0.047452233731746674	 0.9848077297210693	 0.16703884303569794	 0.016396164894104004
-0.003993518650531769	 -0.16703884303569794	 0.9859422445297241	 0.1965966820716858
0.0	 0.0	 0.0	 1.0
50 	 54	 57
0.9454514384269714	 0.1559332311153412	 -0.28601810336112976	 0.10078966617584229
-0.18608692288398743	 0.9791643023490906	 -0.0812951922416687	 -0.07160389423370361
0.26738211512565613	 0.13008488714694977	 0.954769492149353	 0.09478378295898438
0.0	 0.0	 0.0	 1.0
51 	 52	 57
0.8660253882408142	 0.0	 0.5	 -0.16114258766174316
0.0	 1.0	 0.0	 0.03799998760223389
-0.5	 0.0	 0.8660253882408142	 -0.12001258134841919
0.0	 0.0	 0.0	 1.0
51 	 53	 57
0.9353362917900085	 0.10462810844182968	 -0.3379334509372711	 0.06633472442626953
0.10462810844182968	 0.8307081460952759	 0.5467877984046936	 0.08869624137878418
0.3379334509372711	 -0.5467877984046936	 0.7660444378852844	 0.33895742893218994
0.0	 0.0	 0.0	 1.0
51 	 54	 57
0.6522156000137329	 -0.2565590441226959	 0.7132967710494995	 -0.7912431359291077
0.146174356341362	 0.9658892750740051	 0.2137545645236969	 0.16477608680725098
-0.7438063621520996	 -0.035148367285728455	 0.667470395565033	 0.4680910110473633
0.0	 0.0	 0.0	 1.0
53 	 54	 57
0.9294766783714294	 0.25467756390571594	 -0.2668565511703491	 0.15254878997802734
-0.33310768008232117	 0.8902616500854492	 -0.3106018304824829	 0.2993786334991455
0.1584688425064087	 0.3775891363620758	 0.9123125076293945	 0.1498165726661682
0.0	 0.0	 0.0	 1.0
53 	 55	 57
0.9437659978866577	 0.30185049772262573	 -0.13487768173217773	 -0.12026751041412354
-0.28824949264526367	 0.9510460495948792	 0.11146143823862076	 0.044831156730651855
0.16191957890987396	 -0.06631509959697723	 0.9845731854438782	 -0.058763325214385986
0.0	 0.0	 0.0	 1.0
