0 	 1	 66
0.9852087497711182	 -0.04329879209399223	 0.16579802334308624	 -0.42922115325927734
0.047993455082178116	 0.9985492825508118	 -0.024412794038653374	 0.06522518396377563
-0.16450044512748718	 0.03200891986489296	 0.9858574867248535	 0.13595366477966309
0.0	 0.0	 0.0	 1.0
0 	 2	 66
0.876029908657074	 0.03521730750799179	 0.4809691905975342	 -0.5993542671203613
0.03521730750799179	 0.9899954795837402	 -0.1366332620382309	 0.18512725830078125
-0.4809691905975342	 0.1366332620382309	 0.8660253882408142	 0.06296813488006592
0.0	 0.0	 0.0	 1.0
0 	 5	 66
0.9563611745834351	 0.026970280334353447	 0.29093971848487854	 -1.2116721868515015
0.026970280334353447	 0.9833314418792725	 -0.17981062829494476	 0.14027726650238037
-0.29093971848487854	 0.17981062829494476	 0.9396926164627075	 -0.5751941204071045
0.0	 0.0	 0.0	 1.0
0 	 6	 66
0.6522156000137329	 -0.146174356341362	 0.7438063621520996	 -0.9885652661323547
0.2565590441226959	 0.9658892750740051	 -0.035148367285728455	 0.04795217514038086
-0.7132967710494995	 0.2137545645236969	 0.667470395565033	 0.33012068271636963
0.0	 0.0	 0.0	 1.0
0 	 7	 66
0.6427876353263855	 0.0	 0.7660444378852844	 -1.1439626216888428
0.0	 1.0	 0.0	 -0.11199986934661865
-0.7660444378852844	 0.0	 0.6427876353263855	 0.4846554398536682
0.0	 0.0	 0.0	 1.0
0 	 34	 66
0.9454514384269714	 0.18608692288398743	 -0.26738211512565613	 -0.1479250192642212
-0.1559332311153412	 0.9791643023490906	 0.13008488714694977	 -0.05506378412246704
0.28601810336112976	 -0.0812951922416687	 0.954769492149353	 0.5666573643684387
0.0	 0.0	 0.0	 1.0
0 	 35	 66
0.8788188099861145	 0.28349363803863525	 -0.38380828499794006	 0.9718666076660156
-0.21650634706020355	 0.9537129402160645	 0.20870235562324524	 -0.18777978420257568
0.42520871758461	 -0.10031463205814362	 0.8995190262794495	 0.5428940057754517
0.0	 0.0	 0.0	 1.0
0 	 36	 66
0.9947512149810791	 0.05980563163757324	 -0.08302602916955948	 0.8105912208557129
-0.04751484468579292	 0.988605797290802	 0.14283165335655212	 -0.16932010650634766
0.09062214940786362	 -0.13813699781894684	 0.9862585067749023	 0.38985514640808105
0.0	 0.0	 0.0	 1.0
0 	 37	 66
0.988605797290802	 0.14283165335655212	 -0.04751484468579292	 1.0004956722259521
-0.13813699781894684	 0.9862585067749023	 0.09062214940786362	 -0.03979623317718506
0.05980563163757324	 -0.08302602916955948	 0.9947512149810791	 0.3731571435928345
0.0	 0.0	 0.0	 1.0
0 	 38	 66
0.9876678586006165	 0.03944326937198639	 0.1515139490365982	 0.6967654228210449
-0.05081624537706375	 0.9961137771606445	 0.07193785160779953	 -0.024697184562683105
-0.14808766543865204	 -0.07875006645917892	 0.9858338832855225	 0.3213392496109009
0.0	 0.0	 0.0	 1.0
0 	 46	 66
0.8695614337921143	 -0.1107325628399849	 0.4812496602535248	 0.22284281253814697
0.15213298797607422	 0.9872065782546997	 -0.0477362759411335	 -0.07442843914031982
-0.46980684995651245	 0.1147235706448555	 0.8752828240394592	 0.211317777633667
0.0	 0.0	 0.0	 1.0
0 	 47	 66
0.7883852124214172	 -0.37988269329071045	 0.4838779866695404	 -0.06983327865600586
0.26290491223335266	 0.9191703200340271	 0.2932693064212799	 -0.023327767848968506
-0.5561742186546326	 -0.10399528592824936	 0.8245333433151245	 0.3072463274002075
0.0	 0.0	 0.0	 1.0
0 	 48	 66
0.6768983602523804	 -0.47232532501220703	 0.5645506381988525	 -0.6077277660369873
0.2937191128730774	 0.8765861392021179	 0.3812161982059479	 0.13757336139678955
-0.6749353408813477	 -0.09222530573606491	 0.7320907115936279	 0.27647674083709717
0.0	 0.0	 0.0	 1.0
0 	 49	 66
0.7883852124214172	 -0.37988269329071045	 0.4838779866695404	 -0.38867688179016113
0.26290491223335266	 0.9191703200340271	 0.2932693064212799	 -0.10006904602050781
-0.5561742186546326	 -0.10399528592824936	 0.8245333433151245	 0.4848092794418335
0.0	 0.0	 0.0	 1.0
1 	 2	 66
0.9441960453987122	 0.015852732583880424	 0.3290022909641266	 -0.15265965461730957
0.015852732583880424	 0.9954965710639954	 -0.09346266090869904	 -0.017271995544433594
-0.3290022909641266	 0.09346266090869904	 0.9396926164627075	 -0.06363964080810547
0.0	 0.0	 0.0	 1.0
1 	 3	 66
0.6522156000137329	 -0.146174356341362	 0.7438063621520996	 -0.7184807062149048
0.2565590441226959	 0.9658892750740051	 -0.035148367285728455	 0.2384939193725586
-0.7132967710494995	 0.2137545645236969	 0.667470395565033	 -0.11388206481933594
0.0	 0.0	 0.0	 1.0
1 	 5	 66
0.6694623231887817	 0.09389883279800415	 0.736887514591217	 -0.21216583251953125
0.09389883279800415	 0.9733253121376038	 -0.20933429896831512	 0.01460111141204834
-0.736887514591217	 0.20933429896831512	 0.6427876353263855	 -0.16902220249176025
0.0	 0.0	 0.0	 1.0
1 	 6	 66
0.8695614337921143	 -0.1107325628399849	 0.4812496602535248	 -0.25525450706481934
0.15213298797607422	 0.9872065782546997	 -0.0477362759411335	 0.0024248361587524414
-0.46980684995651245	 0.1147235706448555	 0.8752828240394592	 0.0023517608642578125
0.0	 0.0	 0.0	 1.0
1 	 7	 66
0.7835149765014648	 0.06149885803461075	 0.6183220744132996	 -0.4224534034729004
0.06149885803461075	 0.9825294613838196	 -0.17565234005451202	 0.19438862800598145
-0.6183220744132996	 0.17565234005451202	 0.7660444378852844	 0.3662431240081787
0.0	 0.0	 0.0	 1.0
1 	 34	 66
0.9454514384269714	 0.18608692288398743	 -0.26738211512565613	 -0.1479250192642212
-0.1559332311153412	 0.9791643023490906	 0.13008488714694977	 -0.07306379079818726
0.28601810336112976	 -0.0812951922416687	 0.954769492149353	 0.5006574392318726
0.0	 0.0	 0.0	 1.0
1 	 35	 66
0.7883852124214172	 0.37988269329071045	 -0.4838779866695404	 1.180490493774414
-0.26290491223335266	 0.9191703200340271	 0.2932693064212799	 -0.40309691429138184
0.5561742186546326	 -0.10399528592824936	 0.8245333433151245	 0.6737728118896484
0.0	 0.0	 0.0	 1.0
1 	 36	 66
0.9454514384269714	 0.18608692288398743	 -0.26738211512565613	 1.149867296218872
-0.1559332311153412	 0.9791643023490906	 0.13008488714694977	 -0.20439410209655762
0.28601810336112976	 -0.0812951922416687	 0.954769492149353	 0.4748070240020752
0.0	 0.0	 0.0	 1.0
1 	 37	 66
0.9454514384269714	 0.18608692288398743	 -0.26738211512565613	 1.4909892082214355
-0.1559332311153412	 0.9791643023490906	 0.13008488714694977	 -0.22226667404174805
0.28601810336112976	 -0.0812951922416687	 0.954769492149353	 0.6094237565994263
0.0	 0.0	 0.0	 1.0
1 	 38	 66
0.9958009719848633	 0.09129224717617035	 0.0067941793240606785	 1.1215415000915527
-0.09129224717617035	 0.9848077297210693	 0.14771395921707153	 -0.26834332942962646
0.0067941793240606785	 -0.14771395921707153	 0.989006757736206	 0.47561895847320557
0.0	 0.0	 0.0	 1.0
1 	 45	 66
0.19545824825763702	 0.13119365274906158	 -0.9718972444534302	 2.697458267211914
-0.3865504264831543	 0.9210904240608215	 0.046596236526966095	 -0.42067766189575195
0.901318371295929	 0.36657968163490295	 0.23074768483638763	 0.8560659885406494
0.0	 0.0	 0.0	 1.0
1 	 46	 66
0.9510460495948792	 -0.06631509959697723	 0.30185049772262573	 0.6732850074768066
0.11146143823862076	 0.9845731854438782	 -0.13487768173217773	 0.007029533386230469
-0.28824949264526367	 0.16191957890987396	 0.9437659978866577	 0.20287632942199707
0.0	 0.0	 0.0	 1.0
1 	 47	 66
0.8788188099861145	 -0.28349363803863525	 0.38380828499794006	 0.10860157012939453
0.21650634706020355	 0.9537129402160645	 0.20870235562324524	 0.06491601467132568
-0.42520871758461	 -0.10031463205814362	 0.8995190262794495	 0.22254526615142822
0.0	 0.0	 0.0	 1.0
1 	 48	 66
0.7883852124214172	 -0.37988269329071045	 0.4838779866695404	 -0.26203274726867676
0.26290491223335266	 0.9191703200340271	 0.2932693064212799	 0.33074599504470825
-0.5561742186546326	 -0.10399528592824936	 0.8245333433151245	 0.15781760215759277
0.0	 0.0	 0.0	 1.0
1 	 49	 66
0.8788188099861145	 -0.28349363803863525	 0.38380828499794006	 -0.09764635562896729
0.21650634706020355	 0.9537129402160645	 0.20870235562324524	 0.012540340423583984
-0.42520871758461	 -0.10031463205814362	 0.8995190262794495	 0.37612295150756836
0.0	 0.0	 0.0	 1.0
2 	 3	 66
0.9848077297210693	 -0.09129224717617035	 0.14771395921707153	 0.35588538646698
0.09129224717617035	 0.9958009719848633	 0.0067941793240606785	 0.18014216423034668
-0.14771395921707153	 0.0067941793240606785	 0.989006757736206	 -0.08327901363372803
0.0	 0.0	 0.0	 1.0
2 	 5	 66
0.8695614337921143	 -0.1107325628399849	 0.4812496602535248	 0.09464514255523682
0.15213298797607422	 0.9872065782546997	 -0.0477362759411335	 -0.05648183822631836
-0.46980684995651245	 0.1147235706448555	 0.8752828240394592	 -0.19365382194519043
0.0	 0.0	 0.0	 1.0
2 	 6	 66
0.9851996898651123	 -0.12360205501317978	 0.11876057833433151	 0.010880231857299805
0.12021611630916595	 0.9921202659606934	 0.03529135137796402	 -0.003503561019897461
-0.12218685448169708	 -0.02049209550023079	 0.9922955632209778	 0.04620063304901123
0.0	 0.0	 0.0	 1.0
2 	 7	 66
0.9852087497711182	 0.047993455082178116	 0.16450044512748718	 -0.03717374801635742
-0.04329879209399223	 0.9985492825508118	 -0.03200891986489296	 0.06007504463195801
-0.16579802334308624	 0.024412794038653374	 0.9858574867248535	 0.28618311882019043
0.0	 0.0	 0.0	 1.0
2 	 8	 66
0.9876678586006165	 -0.05081624537706375	 0.14808766543865204	 -0.5604593753814697
0.03944326937198639	 0.9961137771606445	 0.07875006645917892	 -0.17724275588989258
-0.1515139490365982	 -0.07193785160779953	 0.9858338832855225	 0.7279267907142639
0.0	 0.0	 0.0	 1.0
2 	 35	 66
0.513196587562561	 0.30490249395370483	 -0.8022865653038025	 1.2082438468933105
-0.150394007563591	 0.9522542357444763	 0.26569435000419617	 -0.18287408351898193
0.8449916243553162	 -0.015694355592131615	 0.5345491766929626	 1.2859086990356445
0.0	 0.0	 0.0	 1.0
2 	 36	 66
0.9563611745834351	 0.026970280334353447	 -0.29093971848487854	 0.8760396242141724
0.026970280334353447	 0.9833314418792725	 0.17981062829494476	 -0.04121804237365723
0.29093971848487854	 -0.17981062829494476	 0.9396926164627075	 0.6772549748420715
0.0	 0.0	 0.0	 1.0
2 	 37	 66
0.8912473917007446	 0.180092915892601	 -0.41622671484947205	 1.1658656597137451
-0.07979899644851685	 0.9657288789749146	 0.2469814568758011	 -0.1592411994934082
0.44644176959991455	 -0.186907097697258	 0.875074565410614	 0.9650766253471375
0.0	 0.0	 0.0	 1.0
2 	 38	 66
0.9687204360961914	 0.0843096524477005	 -0.2333935797214508	 0.931635856628418
-0.025562290102243423	 0.9694162607192993	 0.24408741295337677	 -0.15376198291778564
0.24683447182178497	 -0.23048639297485352	 0.9412485361099243	 0.860251247882843
0.0	 0.0	 0.0	 1.0
2 	 45	 66
0.9682546257972717	 -0.18338212370872498	 0.1698646992444992	 0.5401957035064697
0.21868667006492615	 0.9506023526191711	 -0.22029832005500793	 -0.026360392570495605
-0.12107501178979874	 0.2504520118236542	 0.9605283141136169	 0.3756992816925049
0.0	 0.0	 0.0	 1.0
2 	 46	 66
0.9848077297210693	 -0.14771395921707153	 0.09129224717617035	 0.498288631439209
0.14771395921707153	 0.989006757736206	 0.0067941793240606785	 -0.03555905818939209
-0.09129224717617035	 0.0067941793240606785	 0.9958009719848633	 0.4334338903427124
0.0	 0.0	 0.0	 1.0
2 	 47	 66
0.9845731854438782	 -0.16191957890987396	 0.06631509959697723	 0.27571916580200195
0.13487768173217773	 0.9437659978866577	 0.30185049772262573	 0.05918538570404053
-0.11146143823862076	 -0.28824949264526367	 0.9510460495948792	 0.4356182813644409
0.0	 0.0	 0.0	 1.0
2 	 48	 66
0.9657288789749146	 -0.2469814568758011	 0.07979899644851685	 0.09538114070892334
0.186907097697258	 0.875074565410614	 0.44644176959991455	 0.11030113697052002
-0.180092915892601	 -0.41622671484947205	 0.8912473917007446	 0.17052018642425537
0.0	 0.0	 0.0	 1.0
2 	 49	 66
0.9845731854438782	 -0.16191957890987396	 0.06631509959697723	 -0.07090544700622559
0.13487768173217773	 0.9437659978866577	 0.30185049772262573	 0.04459834098815918
-0.11146143823862076	 -0.28824949264526367	 0.9510460495948792	 0.438193678855896
0.0	 0.0	 0.0	 1.0
3 	 4	 66
0.9859422445297241	 0.003993518650531769	 0.16703884303569794	 0.2820148468017578
0.003993518650531769	 0.99886554479599	 -0.047452233731746674	 -0.04810798168182373
-0.16703884303569794	 0.047452233731746674	 0.9848077297210693	 -0.02969181537628174
0.0	 0.0	 0.0	 1.0
3 	 5	 66
0.9961137771606445	 0.07875006645917892	 0.03944326937198639	 0.14870238304138184
-0.07193785160779953	 0.9858338832855225	 -0.1515139490365982	 -0.16140329837799072
-0.05081624537706375	 0.14808766543865204	 0.9876678586006165	 -0.04831492900848389
0.0	 0.0	 0.0	 1.0
3 	 6	 66
1.0	 0.0	 0.0	 -0.04200005531311035
0.0	 1.0	 0.0	 -0.06999993324279785
0.0	 0.0	 1.0	 -0.016000032424926758
0.0	 0.0	 0.0	 1.0
3 	 7	 66
0.9412485361099243	 0.2333935797214508	 -0.24408741295337677	 0.9152708053588867
-0.24683447182178497	 0.9687204360961914	 -0.025562290102243423	 -0.027493000030517578
0.23048639297485352	 0.0843096524477005	 0.9694162607192993	 -0.10354924201965332
0.0	 0.0	 0.0	 1.0
3 	 38	 66
0.9961137771606445	 0.07875006645917892	 -0.03944326937198639	 0.28292548656463623
-0.07193785160779953	 0.9858338832855225	 0.1515139490365982	 -0.16929161548614502
0.05081624537706375	 -0.14808766543865204	 0.9876678586006165	 0.8064804673194885
0.0	 0.0	 0.0	 1.0
3 	 39	 66
0.9510460495948792	 0.11146143823862076	 -0.28824949264526367	 1.0747394561767578
-0.06631509959697723	 0.9845731854438782	 0.16191957890987396	 -0.3761770725250244
0.30185049772262573	 -0.13487768173217773	 0.9437659978866577	 1.264167308807373
0.0	 0.0	 0.0	 1.0
3 	 43	 66
0.9412842988967896	 -0.0992233157157898	 0.32270506024360657	 0.7530810832977295
0.08058731257915497	 0.9942411780357361	 0.07064138352870941	 -0.4638075828552246
-0.3278559148311615	 -0.04048769548535347	 0.9438597559928894	 0.9193333983421326
0.0	 0.0	 0.0	 1.0
3 	 45	 66
0.876029908657074	 -0.03521730750799179	 -0.4809691905975342	 1.609346866607666
-0.03521730750799179	 0.9899954795837402	 -0.1366332620382309	 -0.43763017654418945
0.4809691905975342	 0.1366332620382309	 0.8660253882408142	 0.5987287163734436
0.0	 0.0	 0.0	 1.0
3 	 46	 66
0.9852087497711182	 0.04329879209399223	 -0.16579802334308624	 0.45615851879119873
-0.047993455082178116	 0.9985492825508118	 -0.024412794038653374	 -0.19629359245300293
0.16450044512748718	 0.03200891986489296	 0.9858574867248535	 0.6048942804336548
0.0	 0.0	 0.0	 1.0
3 	 47	 66
0.9791643023490906	 -0.13008488714694977	 0.1559332311153412	 -0.3957746624946594
0.0812951922416687	 0.954769492149353	 0.28601810336112976	 -0.08679413795471191
-0.18608692288398743	 -0.26738211512565613	 0.9454514384269714	 0.5323328971862793
0.0	 0.0	 0.0	 1.0
3 	 48	 66
0.9537129402160645	 -0.20870235562324524	 0.21650634706020355	 -0.9500141143798828
0.10031463205814362	 0.8995190262794495	 0.42520871758461	 -0.08729922771453857
-0.28349363803863525	 -0.38380828499794006	 0.8788188099861145	 0.5875194072723389
0.0	 0.0	 0.0	 1.0
4 	 5	 66
0.9510460495948792	 0.06631509959697723	 -0.30185049772262573	 0.7696142196655273
-0.11146143823862076	 0.9845731854438782	 -0.13487768173217773	 -0.025196313858032227
0.28824949264526367	 0.16191957890987396	 0.9437659978866577	 0.028066396713256836
0.0	 0.0	 0.0	 1.0
4 	 39	 66
0.8100887537002563	 0.2546253204345703	 -0.528130829334259	 0.9850802421569824
-0.07948527485132217	 0.9401534199714661	 0.3313511610031128	 -0.5246424078941345
0.580894410610199	 -0.22644522786140442	 0.7818467020988464	 1.625178337097168
0.0	 0.0	 0.0	 1.0
4 	 40	 66
0.9958009719848633	 0.0067941793240606785	 -0.09129224717617035	 -0.08956766128540039
0.0067941793240606785	 0.989006757736206	 0.14771395921707153	 -0.24103474617004395
0.09129224717617035	 -0.14771395921707153	 0.9848077297210693	 1.468263864517212
0.0	 0.0	 0.0	 1.0
4 	 41	 66
0.8912473917007446	 -0.180092915892601	 0.41622671484947205	 -0.19321608543395996
0.07979899644851685	 0.9657288789749146	 0.2469814568758011	 -0.4069633483886719
-0.44644176959991455	 -0.186907097697258	 0.875074565410614	 1.3854987621307373
0.0	 0.0	 0.0	 1.0
4 	 42	 66
0.9510460495948792	 -0.06631509959697723	 0.30185049772262573	 -0.02104640007019043
0.11146143823862076	 0.9845731854438782	 -0.13487768173217773	 -0.3963371515274048
-0.28824949264526367	 0.16191957890987396	 0.9437659978866577	 1.187619686126709
0.0	 0.0	 0.0	 1.0
4 	 43	 66
0.9875560402870178	 -0.12330117076635361	 0.09762098640203476	 0.05732405185699463
0.11570504307746887	 0.990056574344635	 0.08000237494707108	 -0.3008488416671753
-0.10651468485593796	 -0.06771159172058105	 0.9920029044151306	 1.192550778388977
0.0	 0.0	 0.0	 1.0
4 	 46	 66
0.9848077297210693	 -0.09129224717617035	 0.14771395921707153	 -0.9156895875930786
0.09129224717617035	 0.9958009719848633	 0.0067941793240606785	 -0.1985381841659546
-0.14771395921707153	 0.0067941793240606785	 0.989006757736206	 0.9920105934143066
0.0	 0.0	 0.0	 1.0
4 	 47	 66
0.9954965710639954	 -0.09346266090869904	 -0.015852732583880424	 -0.6711169481277466
0.09346266090869904	 0.9396926164627075	 0.3290022909641266	 -0.04100441932678223
-0.015852732583880424	 -0.3290022909641266	 0.9441960453987122	 0.5280144214630127
0.0	 0.0	 0.0	 1.0
4 	 48	 66
0.8468741178512573	 -0.3680309057235718	 0.38387173414230347	 -1.864167332649231
0.17875689268112183	 0.8768473863601685	 0.44630107283592224	 -0.07982492446899414
-0.5008494853973389	 -0.30934110283851624	 0.8083673715591431	 1.0906431674957275
0.0	 0.0	 0.0	 1.0
5 	 6	 66
0.9510460495948792	 -0.06631509959697723	 -0.30185049772262573	 -0.1835618019104004
0.11146143823862076	 0.9845731854438782	 0.13487768173217773	 0.08745682239532471
0.28824949264526367	 -0.16191957890987396	 0.9437659978866577	 0.09500062465667725
0.0	 0.0	 0.0	 1.0
5 	 7	 66
0.9454514384269714	 0.18608692288398743	 -0.26738211512565613	 -0.43101966381073
-0.1559332311153412	 0.9791643023490906	 0.13008488714694977	 0.03697860240936279
0.28601810336112976	 -0.0812951922416687	 0.954769492149353	 0.3039360046386719
0.0	 0.0	 0.0	 1.0
5 	 38	 66
0.7100361585617065	 0.33279407024383545	 -0.6205616593360901	 0.4907013177871704
-0.06538344919681549	 0.908623993396759	 0.4124651551246643	 -0.11696016788482666
0.7011231184005737	 -0.2522906959056854	 0.6669151186943054	 1.3934383392333984
0.0	 0.0	 0.0	 1.0
5 	 39	 66
0.9305115938186646	 0.14556550979614258	 -0.33609357476234436	 1.03513765335083
-0.015056530945003033	 0.9320573806762695	 0.3619977533817291	 -0.13599097728729248
0.36595287919044495	 -0.3317826986312866	 0.8694818615913391	 1.3788187503814697
0.0	 0.0	 0.0	 1.0
5 	 43	 66
0.9454514384269714	 -0.18608692288398743	 0.26738211512565613	 0.45626330375671387
0.1559332311153412	 0.9791643023490906	 0.13008488714694977	 0.10816037654876709
-0.28601810336112976	 -0.0812951922416687	 0.954769492149353	 1.035984754562378
0.0	 0.0	 0.0	 1.0
5 	 45	 66
0.8695614337921143	 -0.15213298797607422	 -0.46980684995651245	 1.45735764503479
0.1107325628399849	 0.9872065782546997	 -0.1147235706448555	 0.08600366115570068
0.4812496602535248	 0.0477362759411335	 0.8752828240394592	 0.6831204891204834
0.0	 0.0	 0.0	 1.0
5 	 46	 66
0.876029908657074	 0.03521730750799179	 -0.4809691905975342	 0.20003736019134521
0.03521730750799179	 0.9899954795837402	 0.1366332620382309	 0.03252136707305908
0.4809691905975342	 -0.1366332620382309	 0.8660253882408142	 0.8923145532608032
0.0	 0.0	 0.0	 1.0
5 	 47	 66
0.5477457642555237	 -0.5580127239227295	 0.6233749985694885	 -1.7447978258132935
0.3080126941204071	 0.8272542357444763	 0.46987080574035645	 -0.1843109130859375
-0.7778835296630859	 -0.06536231935024261	 0.625	 2.1690940856933594
0.0	 0.0	 0.0	 1.0
5 	 48	 66
0.25255775451660156	 -0.6989918351173401	 0.6690478324890137	 -2.5217132568359375
0.28581592440605164	 0.7145024538040161	 0.6385886669158936	 -0.2426239252090454
-0.9244045615196228	 0.029944002628326416	 0.38023611903190613	 2.2438225746154785
0.0	 0.0	 0.0	 1.0
5 	 49	 66
0.5477457642555237	 -0.5580127239227295	 0.6233749985694885	 -1.9201598167419434
0.3080126941204071	 0.8272542357444763	 0.46987080574035645	 -0.1967458724975586
-0.7778835296630859	 -0.06536231935024261	 0.625	 1.9382249116897583
0.0	 0.0	 0.0	 1.0
6 	 7	 66
0.988605797290802	 0.14283165335655212	 0.04751484468579292	 -0.09478878974914551
-0.13813699781894684	 0.9862585067749023	 -0.09062214940786362	 0.09505665302276611
-0.05980563163757324	 0.08302602916955948	 0.9947512149810791	 0.23026609420776367
0.0	 0.0	 0.0	 1.0
6 	 35	 66
0.9605283141136169	 0.1698646992444992	 -0.22029832005500793	 0.483534574508667
-0.12107501178979874	 0.9682546257972717	 0.21868667006492615	 -0.22680294513702393
0.2504520118236542	 -0.18338212370872498	 0.9506023526191711	 0.7777481079101562
0.0	 0.0	 0.0	 1.0
6 	 36	 66
0.9985492825508118	 0.03200891986489296	 -0.04329879209399223	 0.13466906547546387
-0.024412794038653374	 0.9858574867248535	 0.16579802334308624	 -0.10327434539794922
0.047993455082178116	 -0.16450044512748718	 0.9852087497711182	 0.5704085826873779
0.0	 0.0	 0.0	 1.0
6 	 37	 66
0.9605283141136169	 0.1698646992444992	 -0.22029832005500793	 0.6719119548797607
-0.12107501178979874	 0.9682546257972717	 0.21868667006492615	 -0.1986173391342163
0.2504520118236542	 -0.18338212370872498	 0.9506023526191711	 0.7551052570343018
0.0	 0.0	 0.0	 1.0
6 	 38	 66
0.9605283141136169	 0.1698646992444992	 -0.22029832005500793	 0.6540453433990479
-0.12107501178979874	 0.9682546257972717	 0.21868667006492615	 -0.23277318477630615
0.2504520118236542	 -0.18338212370872498	 0.9506023526191711	 0.876390814781189
0.0	 0.0	 0.0	 1.0
6 	 39	 66
0.9985492825508118	 0.03200891986489296	 -0.04329879209399223	 0.7592356204986572
-0.024412794038653374	 0.9858574867248535	 0.16579802334308624	 -0.3440093994140625
0.047993455082178116	 -0.16450044512748718	 0.9852087497711182	 1.2767345905303955
0.0	 0.0	 0.0	 1.0
6 	 44	 66
0.9852087497711182	 -0.047993455082178116	 0.16450044512748718	 0.7845399379730225
0.04329879209399223	 0.9985492825508118	 0.03200891986489296	 -0.26738035678863525
-0.16579802334308624	 -0.024412794038653374	 0.9858574867248535	 0.5011805891990662
0.0	 0.0	 0.0	 1.0
6 	 45	 66
0.9687204360961914	 -0.0843096524477005	 -0.2333935797214508	 0.9543898105621338
0.025562290102243423	 0.9694162607192993	 -0.24408741295337677	 -0.1635352373123169
0.24683447182178497	 0.23048639297485352	 0.9412485361099243	 0.6500768661499023
0.0	 0.0	 0.0	 1.0
6 	 46	 66
0.9852087497711182	 0.047993455082178116	 -0.16450044512748718	 0.5647927522659302
-0.04329879209399223	 0.9985492825508118	 0.03200891986489296	 -0.2542531490325928
0.16579802334308624	 -0.024412794038653374	 0.9858574867248535	 0.6690435409545898
0.0	 0.0	 0.0	 1.0
6 	 47	 66
1.0	 0.0	 0.0	 0.17599999904632568
0.0	 0.9396926164627075	 0.3420201539993286	 -0.1313190460205078
0.0	 -0.3420201539993286	 0.9396926164627075	 0.45098042488098145
0.0	 0.0	 0.0	 1.0
6 	 48	 66
1.0	 0.0	 0.0	 0.41999995708465576
0.0	 0.9396926164627075	 0.3420201539993286	 0.0917816162109375
0.0	 -0.3420201539993286	 0.9396926164627075	 0.6064633131027222
0.0	 0.0	 0.0	 1.0
6 	 49	 66
0.9942411780357361	 -0.07064138352870941	 0.08058731257915497	 -0.30684953927993774
0.04048769548535347	 0.9438597559928894	 0.3278559148311615	 -0.06871938705444336
-0.0992233157157898	 -0.32270506024360657	 0.9412842988967896	 0.3717118501663208
0.0	 0.0	 0.0	 1.0
7 	 37	 66
0.876029908657074	 0.03521730750799179	 -0.4809691905975342	 1.0685336589813232
0.03521730750799179	 0.9899954795837402	 0.1366332620382309	 0.11007857322692871
0.4809691905975342	 -0.1366332620382309	 0.8660253882408142	 0.702662467956543
0.0	 0.0	 0.0	 1.0
7 	 38	 66
0.876029908657074	 0.03521730750799179	 -0.4809691905975342	 1.0094311237335205
0.03521730750799179	 0.9899954795837402	 0.1366332620382309	 0.026366710662841797
0.4809691905975342	 -0.1366332620382309	 0.8660253882408142	 0.8664885759353638
0.0	 0.0	 0.0	 1.0
7 	 39	 66
0.9510460495948792	 -0.06631509959697723	 -0.30185049772262573	 1.4344494342803955
0.11146143823862076	 0.9845731854438782	 0.13487768173217773	 0.045587778091430664
0.28824949264526367	 -0.16191957890987396	 0.9437659978866577	 1.0146820545196533
0.0	 0.0	 0.0	 1.0
7 	 44	 66
0.9396926164627075	 -0.3290022909641266	 0.09346266090869904	 0.8766601085662842
0.3290022909641266	 0.9441960453987122	 0.015852732583880424	 0.15123963356018066
-0.09346266090869904	 0.015852732583880424	 0.9954965710639954	 0.37997865676879883
0.0	 0.0	 0.0	 1.0
7 	 45	 66
0.954769492149353	 -0.28601810336112976	 -0.0812951922416687	 0.8323919773101807
0.26738211512565613	 0.9454514384269714	 -0.18608692288398743	 -0.05878126621246338
0.13008488714694977	 0.1559332311153412	 0.9791643023490906	 0.3205387592315674
0.0	 0.0	 0.0	 1.0
7 	 46	 66
0.9851996898651123	 -0.12021611630916595	 -0.12218685448169708	 0.5611594915390015
0.12360205501317978	 0.9921202659606934	 0.02049209550023079	 -0.048070430755615234
0.11876057833433151	 -0.03529135137796402	 0.9922955632209778	 0.3588026762008667
0.0	 0.0	 0.0	 1.0
7 	 47	 66
0.9694162607192993	 -0.23048639297485352	 -0.0843096524477005	 0.24165046215057373
0.24408741295337677	 0.9412485361099243	 0.2333935797214508	 0.24781465530395508
0.025562290102243423	 -0.24683447182178497	 0.9687204360961914	 0.19409072399139404
0.0	 0.0	 0.0	 1.0
7 	 48	 66
0.9629703164100647	 -0.2628655433654785	 -0.05991525948047638	 -0.24957060813903809
0.2628655433654785	 0.8660253882408142	 0.4253253936767578	 0.03905928134918213
-0.05991525948047638	 -0.4253253936767578	 0.9030550718307495	 0.15806400775909424
0.0	 0.0	 0.0	 1.0
7 	 49	 66
0.9694162607192993	 -0.23048639297485352	 -0.0843096524477005	 -0.08021914958953857
0.24408741295337677	 0.9412485361099243	 0.2333935797214508	 0.2515442371368408
0.025562290102243423	 -0.24683447182178497	 0.9687204360961914	 0.06704246997833252
0.0	 0.0	 0.0	 1.0
8 	 37	 66
0.7722193002700806	 0.20511484146118164	 -0.6013362407684326	 1.6812701225280762
-0.13281859457492828	 0.9776592254638672	 0.16291606426239014	 -0.010919332504272461
0.6213184595108032	 -0.04593828693032265	 0.7822103500366211	 0.5546607971191406
0.0	 0.0	 0.0	 1.0
8 	 38	 66
0.8695614337921143	 0.15213298797607422	 -0.46980684995651245	 1.543802261352539
-0.1107325628399849	 0.9872065782546997	 0.1147235706448555	 0.03988659381866455
0.4812496602535248	 -0.0477362759411335	 0.8752828240394592	 0.502231240272522
0.0	 0.0	 0.0	 1.0
8 	 39	 66
0.9985492825508118	 -0.024412794038653374	 -0.047993455082178116	 1.424487590789795
0.03200891986489296	 0.9858574867248535	 0.16450044512748718	 -0.21001076698303223
0.04329879209399223	 -0.16579802334308624	 0.9852087497711182	 0.5925443172454834
0.0	 0.0	 0.0	 1.0
8 	 44	 66
0.9848077297210693	 -0.09129224717617035	 0.14771395921707153	 1.221595287322998
0.09129224717617035	 0.9958009719848633	 0.0067941793240606785	 -0.12062716484069824
-0.14771395921707153	 0.0067941793240606785	 0.989006757736206	 -0.01495826244354248
0.0	 0.0	 0.0	 1.0
8 	 45	 66
0.989006757736206	 -0.0067941793240606785	 -0.14771395921707153	 1.322392463684082
-0.0067941793240606785	 0.9958009719848633	 -0.09129224717617035	 -0.4490315914154053
0.14771395921707153	 0.09129224717617035	 0.9848077297210693	 -0.046361327171325684
0.0	 0.0	 0.0	 1.0
8 	 46	 66
0.9876678586006165	 -0.05081624537706375	 -0.14808766543865204	 1.1887736320495605
0.03944326937198639	 0.9961137771606445	 -0.07875006645917892	 0.11162328720092773
0.1515139490365982	 0.07193785160779953	 0.9858338832855225	 -0.03588736057281494
0.0	 0.0	 0.0	 1.0
8 	 47	 66
0.9694162607192993	 -0.24408741295337677	 0.025562290102243423	 0.5917186737060547
0.23048639297485352	 0.9412485361099243	 0.24683447182178497	 0.19252729415893555
-0.0843096524477005	 -0.2333935797214508	 0.9687204360961914	 -0.2586859464645386
0.0	 0.0	 0.0	 1.0
8 	 48	 66
-0.1736481785774231	 0.9848077297210693	 0.0	 1.5350582599639893
-0.9848077297210693	 -0.1736481785774231	 0.0	 -0.6122736930847168
0.0	 0.0	 1.0	 1.0059998035430908
0.0	 0.0	 0.0	 1.0
8 	 49	 66
0.9942411780357361	 -0.07064138352870941	 0.08058731257915497	 0.28715038299560547
0.04048769548535347	 0.9438597559928894	 0.3278559148311615	 0.0012805461883544922
-0.0992233157157898	 -0.32270506024360657	 0.9412842988967896	 -0.25028812885284424
0.0	 0.0	 0.0	 1.0
8 	 50	 66
0.9876678586006165	 -0.03944326937198639	 0.1515139490365982	 -0.1545577049255371
0.05081624537706375	 0.9961137771606445	 -0.07193785160779953	 0.00442194938659668
-0.14808766543865204	 0.07875006645917892	 0.9858338832855225	 0.09713304042816162
0.0	 0.0	 0.0	 1.0
8 	 51	 66
0.9859422445297241	 0.003993518650531769	 0.16703884303569794	 -0.5413358211517334
0.003993518650531769	 0.99886554479599	 -0.047452233731746674	 -0.057193636894226074
-0.16703884303569794	 0.047452233731746674	 0.9848077297210693	 0.2861661911010742
0.0	 0.0	 0.0	 1.0
9 	 10	 66
0.9985492825508118	 -0.024412794038653374	 -0.047993455082178116	 -0.3340029716491699
0.03200891986489296	 0.9858574867248535	 0.16450044512748718	 0.053896546363830566
0.04329879209399223	 -0.16579802334308624	 0.9852087497711182	 0.5471866130828857
0.0	 0.0	 0.0	 1.0
9 	 51	 66
0.9958009719848633	 0.0067941793240606785	 -0.09129224717617035	 0.38341033458709717
0.0067941793240606785	 0.989006757736206	 0.14771395921707153	 0.030507206916809082
0.09129224717617035	 -0.14771395921707153	 0.9848077297210693	 -0.07992756366729736
0.0	 0.0	 0.0	 1.0
9 	 52	 66
0.9920029044151306	 -0.10651468485593796	 0.06771159172058105	 -0.2569824457168579
0.09762098640203476	 0.9875560402870178	 0.12330117076635361	 0.08132493495941162
-0.08000237494707108	 -0.11570504307746887	 0.990056574344635	 0.19966328144073486
0.0	 0.0	 0.0	 1.0
9 	 53	 66
0.990056574344635	 -0.08000237494707108	 0.11570504307746887	 -0.4478038549423218
0.06771159172058105	 0.9920029044151306	 0.10651468485593796	 0.04308211803436279
-0.12330117076635361	 -0.09762098640203476	 0.9875560402870178	 0.4951934814453125
0.0	 0.0	 0.0	 1.0
10 	 11	 66
0.9876678586006165	 -0.05081624537706375	 -0.14808766543865204	 0.07439899444580078
0.03944326937198639	 0.9961137771606445	 -0.07875006645917892	 -0.09676945209503174
0.1515139490365982	 0.07193785160779953	 0.9858338832855225	 0.41878342628479004
0.0	 0.0	 0.0	 1.0
10 	 51	 66
0.9921202659606934	 0.02049209550023079	 -0.12360205501317978	 0.4222590923309326
-0.03529135137796402	 0.9922955632209778	 -0.11876057833433151	 0.21627366542816162
0.12021611630916595	 0.12218685448169708	 0.9851996898651123	 -0.18964898586273193
0.0	 0.0	 0.0	 1.0
10 	 52	 66
0.990056574344635	 -0.06771159172058105	 0.12330117076635361	 0.0529559850692749
0.08000237494707108	 0.9920029044151306	 -0.09762098640203476	 0.21973085403442383
-0.11570504307746887	 0.10651468485593796	 0.9875560402870178	 -0.23779773712158203
0.0	 0.0	 0.0	 1.0
10 	 53	 66
0.9852087497711182	 -0.04329879209399223	 0.16579802334308624	 -0.14783787727355957
0.047993455082178116	 0.9985492825508118	 -0.024412794038653374	 -0.13350093364715576
-0.16450044512748718	 0.03200891986489296	 0.9858574867248535	 0.05830991268157959
0.0	 0.0	 0.0	 1.0
10 	 54	 66
0.9985492825508118	 0.024412794038653374	 -0.047993455082178116	 -0.1247403621673584
-0.03200891986489296	 0.9858574867248535	 -0.16450044512748718	 -0.3389723300933838
0.04329879209399223	 0.16579802334308624	 0.9852087497711182	 0.36495471000671387
0.0	 0.0	 0.0	 1.0
11 	 12	 66
0.9687204360961914	 0.025562290102243423	 -0.24683447182178497	 0.00353848934173584
-0.0843096524477005	 0.9694162607192993	 -0.23048639297485352	 -0.09019851684570312
0.2333935797214508	 0.24408741295337677	 0.9412485361099243	 0.13660264015197754
0.0	 0.0	 0.0	 1.0
11 	 52	 66
0.9848077297210693	 0.0	 0.1736481785774231	 -0.4711480140686035
0.0	 1.0	 0.0	 0.0700000524520874
-0.1736481785774231	 0.0	 0.9848077297210693	 -0.14628589153289795
0.0	 0.0	 0.0	 1.0
11 	 53	 66
0.9396926164627075	 0.0	 0.3420201539993286	 -0.3832310438156128
0.0	 1.0	 0.0	 0.0700000524520874
-0.3420201539993286	 0.0	 0.9396926164627075	 -0.2879769802093506
0.0	 0.0	 0.0	 1.0
11 	 54	 66
0.9947512149810791	 0.05980563163757324	 0.08302602916955948	 -0.18490087985992432
-0.04751484468579292	 0.988605797290802	 -0.14283165335655212	 -0.052094221115112305
-0.09062214940786362	 0.13813699781894684	 0.9862585067749023	 -0.022269845008850098
0.0	 0.0	 0.0	 1.0
11 	 55	 66
0.9862585067749023	 0.08302602916955948	 -0.14283165335655212	 -0.06484818458557129
-0.09062214940786362	 0.9947512149810791	 -0.04751484468579292	 -0.14634919166564941
0.13813699781894684	 0.05980563163757324	 0.988605797290802	 0.010387063026428223
0.0	 0.0	 0.0	 1.0
12 	 54	 66
0.9441960453987122	 -0.015852732583880424	 0.3290022909641266	 -0.21133387088775635
-0.015852732583880424	 0.9954965710639954	 0.09346266090869904	 0.025932669639587402
-0.3290022909641266	 -0.09346266090869904	 0.9396926164627075	 -0.08220386505126953
0.0	 0.0	 0.0	 1.0
12 	 55	 66
0.9961137771606445	 -0.07875006645917892	 0.03944326937198639	 0.06277060508728027
0.07193785160779953	 0.9858338832855225	 0.1515139490365982	 0.028522491455078125
-0.05081624537706375	 -0.14808766543865204	 0.9876678586006165	 -0.07399272918701172
0.0	 0.0	 0.0	 1.0
12 	 56	 66
0.9305115938186646	 -0.015056530945003033	 -0.36595287919044495	 -0.014509320259094238
0.14556550979614258	 0.9320573806762695	 0.3317826986312866	 0.22401666641235352
0.33609357476234436	 -0.3619977533817291	 0.8694818615913391	 -0.06087768077850342
0.0	 0.0	 0.0	 1.0
13 	 14	 66
0.9958009719848633	 0.0067941793240606785	 0.09129224717617035	 1.046834945678711
0.0067941793240606785	 0.989006757736206	 -0.14771395921707153	 -0.6371167302131653
-0.09129224717617035	 0.14771395921707153	 0.9848077297210693	 -0.245286226272583
0.0	 0.0	 0.0	 1.0
13 	 15	 66
0.9921202659606934	 -0.03529135137796402	 0.12021611630916595	 0.6111457347869873
0.02049209550023079	 0.9922955632209778	 0.12218685448169708	 -0.6518163681030273
-0.12360205501317978	 -0.11876057833433151	 0.9851996898651123	 -0.09235537052154541
0.0	 0.0	 0.0	 1.0
13 	 54	 66
-0.861803412437439	 -0.08541020005941391	 0.5	 -1.3187745809555054
-0.08541020005941391	 -0.9472135901451111	 -0.30901700258255005	 1.4209318161010742
0.5	 -0.30901700258255005	 0.80901700258255	 1.2491389513015747
0.0	 0.0	 0.0	 1.0
13 	 55	 66
0.9859422445297241	 0.003993518650531769	 0.16703884303569794	 0.711686372756958
0.003993518650531769	 0.99886554479599	 -0.047452233731746674	 -0.0320439338684082
-0.16703884303569794	 0.047452233731746674	 0.9848077297210693	 -0.21813106536865234
0.0	 0.0	 0.0	 1.0
13 	 56	 66
0.9985492825508118	 -0.03200891986489296	 0.04329879209399223	 -0.1812039613723755
0.024412794038653374	 0.9858574867248535	 0.16579802334308624	 0.17970263957977295
-0.047993455082178116	 -0.16450044512748718	 0.9852087497711182	 -0.02582228183746338
0.0	 0.0	 0.0	 1.0
13 	 57	 66
0.8912473917007446	 0.180092915892601	 -0.41622671484947205	 2.020049571990967
-0.07979899644851685	 0.9657288789749146	 0.2469814568758011	 -0.7953051328659058
0.44644176959991455	 -0.186907097697258	 0.875074565410614	 0.32780253887176514
0.0	 0.0	 0.0	 1.0
14 	 15	 66
0.9687204360961914	 0.0843096524477005	 -0.2333935797214508	 0.024171113967895508
-0.025562290102243423	 0.9694162607192993	 0.24408741295337677	 0.09101217985153198
0.24683447182178497	 -0.23048639297485352	 0.9412485361099243	 0.07229816913604736
0.0	 0.0	 0.0	 1.0
14 	 56	 66
0.9942411780357361	 -0.07064138352870941	 0.08058731257915497	 -0.21111738681793213
0.04048769548535347	 0.9438597559928894	 0.3278559148311615	 0.06501579284667969
-0.0992233157157898	 -0.32270506024360657	 0.9412842988967896	 0.0429844856262207
0.0	 0.0	 0.0	 1.0
14 	 57	 66
0.9942411780357361	 -0.04048769548535347	 -0.0992233157157898	 -0.28879404067993164
0.07064138352870941	 0.9438597559928894	 0.32270506024360657	 0.08526712656021118
0.08058731257915497	 -0.3278559148311615	 0.9412842988967896	 0.09524750709533691
0.0	 0.0	 0.0	 1.0
15 	 18	 66
0.7722193002700806	 0.13281859457492828	 -0.6213184595108032	 0.5387768745422363
-0.20511484146118164	 0.9776592254638672	 -0.04593828693032265	 0.1779627799987793
0.6013362407684326	 0.16291606426239014	 0.7822103500366211	 0.1312253475189209
0.0	 0.0	 0.0	 1.0
15 	 56	 66
0.989006757736206	 0.0067941793240606785	 -0.14771395921707153	 -0.5438550710678101
0.0067941793240606785	 0.9958009719848633	 0.09129224717617035	 0.6967787742614746
0.14771395921707153	 -0.09129224717617035	 0.9848077297210693	 0.10631704330444336
0.0	 0.0	 0.0	 1.0
15 	 57	 66
0.9862585067749023	 -0.09062214940786362	 0.13813699781894684	 -0.3752121925354004
0.08302602916955948	 0.9947512149810791	 0.05980563163757324	 0.04882073402404785
-0.14283165335655212	 -0.04751484468579292	 0.988605797290802	 0.07696700096130371
0.0	 0.0	 0.0	 1.0
15 	 62	 66
0.8695614337921143	 0.15213298797607422	 -0.46980684995651245	 0.7929706573486328
-0.1107325628399849	 0.9872065782546997	 0.1147235706448555	 -0.4853529930114746
0.4812496602535248	 -0.0477362759411335	 0.8752828240394592	 1.4387407302856445
0.0	 0.0	 0.0	 1.0
16 	 17	 66
0.9921202659606934	 -0.03529135137796402	 -0.12021611630916595	 0.173231840133667
0.02049209550023079	 0.9922955632209778	 -0.12218685448169708	 0.004865407943725586
0.12360205501317978	 0.11876057833433151	 0.9851996898651123	 -0.13225436210632324
0.0	 0.0	 0.0	 1.0
17 	 18	 66
0.9305115938186646	 0.14556550979614258	 -0.33609357476234436	 0.2189422845840454
-0.015056530945003033	 0.9320573806762695	 0.3619977533817291	 0.028916478157043457
0.36595287919044495	 -0.3317826986312866	 0.8694818615913391	 0.18545103073120117
0.0	 0.0	 0.0	 1.0
17 	 19	 66
0.8100887537002563	 0.2546253204345703	 -0.528130829334259	 0.11346185207366943
-0.07948527485132217	 0.9401534199714661	 0.3313511610031128	 0.15184056758880615
0.580894410610199	 -0.22644522786140442	 0.7818467020988464	 0.025878071784973145
0.0	 0.0	 0.0	 1.0
17 	 64	 66
-0.3420201539993286	 -0.7993502616882324	 0.49402564764022827	 -2.4511489868164062
0.7993502616882324	 0.028905101120471954	 0.6001696586608887	 -0.3500481843948364
-0.49402564764022827	 0.6001696586608887	 0.62907475233078	 1.7066059112548828
0.0	 0.0	 0.0	 1.0
18 	 19	 66
0.9852087497711182	 0.047993455082178116	 -0.16450044512748718	 -0.3104592561721802
-0.04329879209399223	 0.9985492825508118	 0.03200891986489296	 -0.12226510047912598
0.16579802334308624	 -0.024412794038653374	 0.9858574867248535	 -0.02073371410369873
0.0	 0.0	 0.0	 1.0
18 	 20	 66
0.9852087497711182	 0.047993455082178116	 -0.16450044512748718	 -0.9835141897201538
-0.04329879209399223	 0.9985492825508118	 0.03200891986489296	 0.07653522491455078
0.16579802334308624	 -0.024412794038653374	 0.9858574867248535	 -0.12242138385772705
0.0	 0.0	 0.0	 1.0
18 	 62	 66
0.7722193002700806	 0.20511484146118164	 -0.6013362407684326	 1.8716888427734375
-0.13281859457492828	 0.9776592254638672	 0.16291606426239014	 -0.4625582695007324
0.6213184595108032	 -0.04593828693032265	 0.7822103500366211	 1.6553689241409302
0.0	 0.0	 0.0	 1.0
18 	 63	 66
0.513196587562561	 0.30490249395370483	 -0.8022865653038025	 1.986961841583252
-0.150394007563591	 0.9522542357444763	 0.26569435000419617	 -0.5065878033638
0.8449916243553162	 -0.015694355592131615	 0.5345491766929626	 1.9574941396713257
0.0	 0.0	 0.0	 1.0
18 	 64	 66
0.513196587562561	 0.30490249395370483	 -0.8022865653038025	 1.3617568016052246
-0.150394007563591	 0.9522542357444763	 0.26569435000419617	 -0.4607062339782715
0.8449916243553162	 -0.015694355592131615	 0.5345491766929626	 1.7162977457046509
0.0	 0.0	 0.0	 1.0
19 	 20	 66
0.9876678586006165	 0.05081624537706375	 -0.14808766543865204	 -0.2656906843185425
-0.03944326937198639	 0.9961137771606445	 0.07875006645917892	 0.022035956382751465
0.1515139490365982	 -0.07193785160779953	 0.9858338832855225	 -0.09336692094802856
0.0	 0.0	 0.0	 1.0
19 	 21	 66
0.9921202659606934	 0.03529135137796402	 -0.12021611630916595	 -0.5772900581359863
-0.02049209550023079	 0.9922955632209778	 0.12218685448169708	 0.13754141330718994
0.12360205501317978	 -0.11876057833433151	 0.9851996898651123	 -0.3110194802284241
0.0	 0.0	 0.0	 1.0
19 	 64	 66
0.6522156000137329	 0.2565590441226959	 -0.7132967710494995	 1.9700698852539062
-0.146174356341362	 0.9658892750740051	 0.2137545645236969	 -0.28302597999572754
