0 	 1	 55
0.9851996898651123	 0.12360205501317978	 0.11876057833433151	 -0.39607858657836914
-0.12021611630916595	 0.9921202659606934	 -0.03529135137796402	 0.0911758542060852
-0.12218685448169708	 0.02049209550023079	 0.9922955632209778	 -0.1508716344833374
0.0	 0.0	 0.0	 1.0
0 	 2	 55
0.9985492825508118	 0.03200891986489296	 -0.04329879209399223	 -0.5529685020446777
-0.024412794038653374	 0.9858574867248535	 0.16579802334308624	 0.14736896753311157
0.047993455082178116	 -0.16450044512748718	 0.9852087497711182	 -0.39054203033447266
0.0	 0.0	 0.0	 1.0
0 	 3	 55
0.9958009719848633	 0.09129224717617035	 -0.0067941793240606785	 -0.5355714559555054
-0.09129224717617035	 0.9848077297210693	 -0.14771395921707153	 0.05977731943130493
-0.0067941793240606785	 0.14771395921707153	 0.989006757736206	 -0.143011212348938
0.0	 0.0	 0.0	 1.0
0 	 10	 55
0.876029908657074	 -0.03521730750799179	 0.4809691905975342	 -0.5781047344207764
-0.03521730750799179	 0.9899954795837402	 0.1366332620382309	 -0.09293413162231445
-0.4809691905975342	 -0.1366332620382309	 0.8660253882408142	 -0.3445444107055664
0.0	 0.0	 0.0	 1.0
0 	 19	 55
2.220446049250313e-16	 0.0	 1.0	 -1.8839999437332153
0.0	 1.0	 0.0	 -0.23799997568130493
-1.0	 0.0	 2.220446049250313e-16	 2.5299999713897705
0.0	 0.0	 0.0	 1.0
0 	 35	 55
0.9412842988967896	 -0.0992233157157898	 0.32270506024360657	 -1.2557543516159058
0.08058731257915497	 0.9942411780357361	 0.07064138352870941	 0.030627071857452393
-0.3278559148311615	 -0.04048769548535347	 0.9438597559928894	 -0.4348973035812378
0.0	 0.0	 0.0	 1.0
0 	 36	 55
0.3593863248825073	 -0.34867629408836365	 0.8656017184257507	 -1.54294753074646
0.14534933865070343	 0.937168538570404	 0.3171572983264923	 -0.4207666516304016
-0.921799898147583	 0.011832643300294876	 0.38748544454574585	 0.45105987787246704
0.0	 0.0	 0.0	 1.0
0 	 44	 55
0.9791643023490906	 -0.13008488714694977	 0.1559332311153412	 0.27428722381591797
0.0812951922416687	 0.954769492149353	 0.28601810336112976	 -0.28953635692596436
-0.18608692288398743	 -0.26738211512565613	 0.9454514384269714	 -0.7064797878265381
0.0	 0.0	 0.0	 1.0
0 	 45	 55
0.99886554479599	 0.047452233731746674	 0.003993518650531769	 0.27647340297698975
-0.047452233731746674	 0.9848077297210693	 0.16703884303569794	 -0.13294214010238647
0.003993518650531769	 -0.16703884303569794	 0.9859422445297241	 -0.6635665893554688
0.0	 0.0	 0.0	 1.0
0 	 54	 55
0.8788188099861145	 0.28349363803863525	 -0.38380828499794006	 0.12273526191711426
-0.21650634706020355	 0.9537129402160645	 0.20870235562324524	 0.0833025574684143
0.42520871758461	 -0.10031463205814362	 0.8995190262794495	 -0.21220743656158447
0.0	 0.0	 0.0	 1.0
1 	 2	 55
0.9791643023490906	 -0.0812951922416687	 -0.18608692288398743	 -0.22999811172485352
0.13008488714694977	 0.954769492149353	 0.26738211512565613	 -0.21696633100509644
0.1559332311153412	 -0.28601810336112976	 0.9454514384269714	 -0.25600945949554443
0.0	 0.0	 0.0	 1.0
1 	 3	 55
0.990056574344635	 -0.08000237494707108	 -0.11570504307746887	 -0.14348304271697998
0.06771159172058105	 0.9920029044151306	 -0.10651468485593796	 -0.0745922327041626
0.12330117076635361	 0.09762098640203476	 0.9875560402870178	 -0.026937484741210938
0.0	 0.0	 0.0	 1.0
1 	 10	 55
0.9305115938186646	 -0.14556550979614258	 0.33609357476234436	 -0.17021536827087402
0.015056530945003033	 0.9320573806762695	 0.3619977533817291	 -0.5915758609771729
-0.36595287919044495	 -0.3317826986312866	 0.8694818615913391	 -0.11822748184204102
0.0	 0.0	 0.0	 1.0
1 	 35	 55
0.9510460495948792	 -0.11146143823862076	 0.28824949264526367	 -1.7779831886291504
0.06631509959697723	 0.9845731854438782	 0.16191957890987396	 -0.2233368158340454
-0.30185049772262573	 -0.13487768173217773	 0.9437659978866577	 -0.08526277542114258
0.0	 0.0	 0.0	 1.0
1 	 44	 55
0.9833314418792725	 -0.17981062829494476	 -0.026970280334353447	 0.8560631275177002
0.17981062829494476	 0.9396926164627075	 0.29093971848487854	 -0.2513614892959595
-0.026970280334353447	 -0.29093971848487854	 0.9563611745834351	 -0.4607130289077759
0.0	 0.0	 0.0	 1.0
1 	 45	 55
0.9833314418792725	 0.026970280334353447	 -0.17981062829494476	 0.819890022277832
0.026970280334353447	 0.9563611745834351	 0.29093971848487854	 -0.38415104150772095
0.17981062829494476	 -0.29093971848487854	 0.9396926164627075	 -0.3319140672683716
0.0	 0.0	 0.0	 1.0
1 	 54	 55
0.8100887537002563	 0.2546253204345703	 -0.528130829334259	 0.43349385261535645
-0.07948527485132217	 0.9401534199714661	 0.3313511610031128	 -0.3329063653945923
0.580894410610199	 -0.22644522786140442	 0.7818467020988464	 0.06435012817382812
0.0	 0.0	 0.0	 1.0
2 	 3	 55
0.9942411780357361	 0.07064138352870941	 0.08058731257915497	 -0.028690218925476074
-0.04048769548535347	 0.9438597559928894	 -0.3278559148311615	 -0.08008992671966553
-0.0992233157157898	 0.32270506024360657	 0.9412842988967896	 0.26193904876708984
0.0	 0.0	 0.0	 1.0
2 	 10	 55
0.8660253882408142	 0.0	 0.5	 -0.005961894989013672
0.0	 1.0	 0.0	 -0.2799999713897705
-0.5	 0.0	 0.8660253882408142	 0.020529985427856445
0.0	 0.0	 0.0	 1.0
2 	 11	 55
0.9437659978866577	 0.30185049772262573	 -0.13487768173217773	 -0.18591511249542236
-0.28824949264526367	 0.9510460495948792	 0.11146143823862076	 -0.3150287866592407
0.16191957890987396	 -0.06631509959697723	 0.9845731854438782	 0.40136194229125977
0.0	 0.0	 0.0	 1.0
2 	 34	 55
0.9412842988967896	 -0.0992233157157898	 0.32270506024360657	 -1.7009007930755615
0.08058731257915497	 0.9942411780357361	 0.07064138352870941	 0.2571096420288086
-0.3278559148311615	 -0.04048769548535347	 0.9438597559928894	 0.0864328145980835
0.0	 0.0	 0.0	 1.0
2 	 35	 55
0.876029908657074	 0.03521730750799179	 0.4809691905975342	 -1.643316626548767
0.03521730750799179	 0.9899954795837402	 -0.1366332620382309	 0.037624478340148926
-0.4809691905975342	 0.1366332620382309	 0.8660253882408142	 0.5171068906784058
0.0	 0.0	 0.0	 1.0
2 	 44	 55
0.9454514384269714	 -0.18608692288398743	 0.26738211512565613	 0.6818375587463379
0.1559332311153412	 0.9791643023490906	 0.13008488714694977	 -0.3756333589553833
-0.28601810336112976	 -0.0812951922416687	 0.954769492149353	 -0.4391307830810547
0.0	 0.0	 0.0	 1.0
2 	 45	 55
0.9859422445297241	 0.003993518650531769	 0.16703884303569794	 0.5233790874481201
0.003993518650531769	 0.99886554479599	 -0.047452233731746674	 -0.025075316429138184
-0.16703884303569794	 0.047452233731746674	 0.9848077297210693	 -0.379846453666687
0.0	 0.0	 0.0	 1.0
2 	 46	 55
0.8660253882408142	 0.2628655433654785	 -0.4253253936767578	 0.5531997680664062
-0.2628655433654785	 0.9629703164100647	 0.05991525948047638	 -0.1261579990386963
0.4253253936767578	 0.05991525948047638	 0.9030550718307495	 0.08657693862915039
0.0	 0.0	 0.0	 1.0
2 	 53	 55
0.7660444378852844	 0.3379334509372711	 -0.5467877984046936	 0.3465777635574341
-0.3379334509372711	 0.9353362917900085	 0.10462810844182968	 -0.1908109188079834
0.5467877984046936	 0.10462810844182968	 0.8307081460952759	 0.08426761627197266
0.0	 0.0	 0.0	 1.0
2 	 54	 55
0.9396926164627075	 0.17981062829494476	 -0.29093971848487854	 0.5365514755249023
-0.17981062829494476	 0.9833314418792725	 0.026970280334353447	 -0.02408158779144287
0.29093971848487854	 0.026970280334353447	 0.9563611745834351	 0.07931911945343018
0.0	 0.0	 0.0	 1.0
3 	 10	 55
0.9305115938186646	 -0.14556550979614258	 0.33609357476234436	 0.31978464126586914
0.015056530945003033	 0.9320573806762695	 0.3619977533817291	 -0.2655758857727051
-0.36595287919044495	 -0.3317826986312866	 0.8694818615913391	 -0.22222745418548584
0.0	 0.0	 0.0	 1.0
3 	 35	 55
0.9030550718307495	 -0.05991525948047638	 0.4253253936767578	 -1.6610628366470337
-0.05991525948047638	 0.9629703164100647	 0.2628655433654785	 -0.12055301666259766
-0.4253253936767578	 -0.2628655433654785	 0.8660253882408142	 0.13552558422088623
0.0	 0.0	 0.0	 1.0
3 	 45	 55
1.0	 0.0	 0.0	 0.7699999809265137
0.0	 0.9396926164627075	 0.3420201539993286	 -0.26379358768463135
0.0	 -0.3420201539993286	 0.9396926164627075	 -0.46290314197540283
0.0	 0.0	 0.0	 1.0
3 	 54	 55
0.9305115938186646	 0.14556550979614258	 -0.33609357476234436	 0.4048954248428345
-0.015056530945003033	 0.9320573806762695	 0.3619977533817291	 -0.13110792636871338
0.36595287919044495	 -0.3317826986312866	 0.8694818615913391	 -0.15376079082489014
0.0	 0.0	 0.0	 1.0
4 	 5	 55
0.9441960453987122	 -0.015852732583880424	 0.3290022909641266	 0.29221510887145996
-0.015852732583880424	 0.9954965710639954	 0.09346266090869904	 -0.10459756851196289
-0.3290022909641266	 -0.09346266090869904	 0.9396926164627075	 0.09536206722259521
0.0	 0.0	 0.0	 1.0
4 	 6	 55
0.9510460495948792	 -0.11146143823862076	 0.28824949264526367	 0.6173442602157593
0.06631509959697723	 0.9845731854438782	 0.16191957890987396	 -0.06554299592971802
-0.30185049772262573	 -0.13487768173217773	 0.9437659978866577	 -0.3240596652030945
0.0	 0.0	 0.0	 1.0
4 	 9	 55
0.9657288789749146	 0.2469814568758011	 -0.07979899644851685	 0.6751972436904907
-0.186907097697258	 0.875074565410614	 0.44644176959991455	 -0.30417025089263916
0.180092915892601	 -0.41622671484947205	 0.8912473917007446	 -0.24564450979232788
0.0	 0.0	 0.0	 1.0
4 	 18	 55
0.513196587562561	 -0.30490249395370483	 0.8022865653038025	 -2.1790995597839355
0.150394007563591	 0.9522542357444763	 0.26569435000419617	 0.037617623805999756
-0.8449916243553162	 -0.015694355592131615	 0.5345491766929626	 -0.5637685656547546
0.0	 0.0	 0.0	 1.0
4 	 20	 55
0.5	 0.0	 0.8660253882408142	 -2.4842586517333984
0.0	 1.0	 0.0	 0.04799991846084595
-0.8660253882408142	 0.0	 0.5	 -0.04953116178512573
0.0	 0.0	 0.0	 1.0
4 	 36	 55
0.9833314418792725	 -0.026970280334353447	 0.17981062829494476	 -0.8160454034805298
-0.026970280334353447	 0.9563611745834351	 0.29093971848487854	 -0.11330592632293701
-0.17981062829494476	 -0.29093971848487854	 0.9396926164627075	 -0.7695335745811462
0.0	 0.0	 0.0	 1.0
4 	 37	 55
0.8100887537002563	 -0.2546253204345703	 0.528130829334259	 -0.01335763931274414
0.07948527485132217	 0.9401534199714661	 0.3313511610031128	 -0.1309049129486084
-0.580894410610199	 -0.22644522786140442	 0.7818467020988464	 -0.16935688257217407
0.0	 0.0	 0.0	 1.0
5 	 6	 55
0.9985492825508118	 0.024412794038653374	 0.047993455082178116	 0.33268308639526367
-0.03200891986489296	 0.9858574867248535	 0.16450044512748718	 -0.09464305639266968
-0.04329879209399223	 -0.16579802334308624	 0.9852087497711182	 -0.32215821743011475
0.0	 0.0	 0.0	 1.0
5 	 7	 55
0.9954965710639954	 0.09346266090869904	 0.015852732583880424	 0.759238600730896
-0.09346266090869904	 0.9396926164627075	 0.3290022909641266	 -0.054920315742492676
0.015852732583880424	 -0.3290022909641266	 0.9441960453987122	 -0.2647726535797119
0.0	 0.0	 0.0	 1.0
5 	 8	 55
0.9776592254638672	 0.16291606426239014	 -0.13281859457492828	 0.5988211631774902
-0.04593828693032265	 0.7822103500366211	 0.6213184595108032	 -0.44824516773223877
0.20511484146118164	 -0.6013362407684326	 0.7722193002700806	 -0.05237019062042236
0.0	 0.0	 0.0	 1.0
5 	 9	 55
0.8468741178512573	 0.3680309057235718	 -0.38387173414230347	 0.41431379318237305
-0.17875689268112183	 0.8768473863601685	 0.44630107283592224	 -0.3076806664466858
0.5008494853973389	 -0.30934110283851624	 0.8083673715591431	 -0.12781202793121338
0.0	 0.0	 0.0	 1.0
5 	 37	 55
0.9687204360961914	 -0.0843096524477005	 0.2333935797214508	 -0.17429691553115845
0.025562290102243423	 0.9694162607192993	 0.24408741295337677	 -0.034746766090393066
-0.24683447182178497	 -0.23048639297485352	 0.9412485361099243	 -0.39385485649108887
0.0	 0.0	 0.0	 1.0
5 	 38	 55
0.9687204360961914	 -0.0843096524477005	 0.2333935797214508	 0.3119676113128662
0.025562290102243423	 0.9694162607192993	 0.24408741295337677	 -0.05173921585083008
-0.24683447182178497	 -0.23048639297485352	 0.9412485361099243	 0.05637216567993164
0.0	 0.0	 0.0	 1.0
5 	 39	 55
0.9305115938186646	 0.14556550979614258	 -0.33609357476234436	 0.7879408597946167
-0.015056530945003033	 0.9320573806762695	 0.3619977533817291	 -0.14597737789154053
0.36595287919044495	 -0.3317826986312866	 0.8694818615913391	 0.3949471116065979
0.0	 0.0	 0.0	 1.0
5 	 40	 55
0.9191703200340271	 0.2932693064212799	 -0.26290491223335266	 1.0562106370925903
-0.10399528592824936	 0.8245333433151245	 0.5561742186546326	 -0.2551743984222412
0.37988269329071045	 -0.4838779866695404	 0.7883852124214172	 0.3419659733772278
0.0	 0.0	 0.0	 1.0
5 	 41	 55
0.9191703200340271	 0.2932693064212799	 -0.26290491223335266	 0.9943773746490479
-0.10399528592824936	 0.8245333433151245	 0.5561742186546326	 -0.2815108895301819
0.37988269329071045	 -0.4838779866695404	 0.7883852124214172	 0.2606661319732666
0.0	 0.0	 0.0	 1.0
6 	 7	 55
0.9958009719848633	 0.09129224717617035	 0.0067941793240606785	 0.35919296741485596
-0.09129224717617035	 0.9848077297210693	 0.14771395921707153	 0.0708855390548706
0.0067941793240606785	 -0.14771395921707153	 0.989006757736206	 0.009776115417480469
0.0	 0.0	 0.0	 1.0
6 	 8	 55
0.9537129402160645	 0.20870235562324524	 -0.21650634706020355	 0.3435525894165039
-0.10031463205814362	 0.8995190262794495	 0.42520871758461	 -0.31543880701065063
0.28349363803863525	 -0.38380828499794006	 0.8788188099861145	 0.16121989488601685
0.0	 0.0	 0.0	 1.0
6 	 9	 55
0.7883852124214172	 0.37988269329071045	 -0.4838779866695404	 0.19061481952667236
-0.26290491223335266	 0.9191703200340271	 0.2932693064212799	 -0.24525022506713867
0.5561742186546326	 -0.10399528592824936	 0.8245333433151245	 0.19063085317611694
0.0	 0.0	 0.0	 1.0
6 	 37	 55
0.9563611745834351	 -0.026970280334353447	 0.29093971848487854	 -0.6880834698677063
-0.026970280334353447	 0.9833314418792725	 0.17981062829494476	 -0.08895927667617798
-0.29093971848487854	 -0.17981062829494476	 0.9396926164627075	 -0.0191534161567688
0.0	 0.0	 0.0	 1.0
6 	 38	 55
0.9687204360961914	 -0.0843096524477005	 0.2333935797214508	 -0.10803228616714478
0.025562290102243423	 0.9694162607192993	 0.24408741295337677	 -0.21173924207687378
-0.24683447182178497	 -0.23048639297485352	 0.9412485361099243	 0.4383721947669983
0.0	 0.0	 0.0	 1.0
6 	 39	 55
0.9123125076293945	 0.2668565511703491	 -0.3106018304824829	 0.3103811740875244
-0.1584688425064087	 0.9294766783714294	 0.33310768008232117	 -0.3272402286529541
0.3775891363620758	 -0.25467756390571594	 0.8902616500854492	 0.7306727170944214
0.0	 0.0	 0.0	 1.0
6 	 40	 55
0.9191703200340271	 0.2932693064212799	 -0.26290491223335266	 0.6362107992172241
-0.10399528592824936	 0.8245333433151245	 0.5561742186546326	 -0.48517441749572754
0.37988269329071045	 -0.4838779866695404	 0.7883852124214172	 0.7239659428596497
0.0	 0.0	 0.0	 1.0
6 	 41	 55
0.9191703200340271	 0.2932693064212799	 -0.26290491223335266	 0.5743774175643921
-0.10399528592824936	 0.8245333433151245	 0.5561742186546326	 -0.5115108489990234
0.37988269329071045	 -0.4838779866695404	 0.7883852124214172	 0.6426661610603333
0.0	 0.0	 0.0	 1.0
7 	 8	 55
0.9687204360961914	 0.0843096524477005	 -0.2333935797214508	 -0.0010803937911987305
-0.025562290102243423	 0.9694162607192993	 0.24408741295337677	 -0.3692127466201782
0.24683447182178497	 -0.23048639297485352	 0.9412485361099243	 0.0614359974861145
0.0	 0.0	 0.0	 1.0
7 	 37	 55
0.9506023526191711	 -0.22029832005500793	 0.21868667006492615	 -0.8985875844955444
0.2504520118236542	 0.9605283141136169	 -0.12107501178979874	 0.0794711709022522
-0.18338212370872498	 0.1698646992444992	 0.9682546257972717	 -0.10905969142913818
0.0	 0.0	 0.0	 1.0
7 	 38	 55
0.9412485361099243	 -0.2333935797214508	 0.24408741295337677	 -0.4673936367034912
0.24683447182178497	 0.9687204360961914	 -0.025562290102243423	 -0.1554034948348999
-0.23048639297485352	 0.0843096524477005	 0.9694162607192993	 0.3524009585380554
0.0	 0.0	 0.0	 1.0
7 	 39	 55
0.9412842988967896	 0.08058731257915497	 -0.3278559148311615	 0.013430953025817871
-0.0992233157157898	 0.9942411780357361	 -0.04048769548535347	 -0.29236555099487305
0.32270506024360657	 0.07064138352870941	 0.9438597559928894	 0.5936087369918823
0.0	 0.0	 0.0	 1.0
7 	 40	 55
0.9123125076293945	 0.2668565511703491	 -0.3106018304824829	 0.35132527351379395
-0.1584688425064087	 0.9294766783714294	 0.33310768008232117	 -0.557005763053894
0.3775891363620758	 -0.25467756390571594	 0.8902616500854492	 0.598141074180603
0.0	 0.0	 0.0	 1.0
7 	 41	 55
0.9123125076293945	 0.2668565511703491	 -0.3106018304824829	 0.288293719291687
-0.1584688425064087	 0.9294766783714294	 0.33310768008232117	 -0.5706533193588257
0.3775891363620758	 -0.25467756390571594	 0.8902616500854492	 0.4596831202507019
0.0	 0.0	 0.0	 1.0
8 	 9	 55
0.9412485361099243	 0.2333935797214508	 -0.24408741295337677	 -0.17196989059448242
-0.24683447182178497	 0.9687204360961914	 -0.025562290102243423	 -0.14560508728027344
0.23048639297485352	 0.0843096524477005	 0.9694162607192993	 0.042210936546325684
0.0	 0.0	 0.0	 1.0
8 	 37	 55
0.8468741178512573	 -0.17875689268112183	 0.5008494853973389	 -1.0570189952850342
0.3680309057235718	 0.8768473863601685	 -0.30934110283851624	 0.35247236490249634
-0.38387173414230347	 0.44630107283592224	 0.8083673715591431	 0.1934124231338501
0.0	 0.0	 0.0	 1.0
8 	 38	 55
0.8902616500854492	 -0.3106018304824829	 0.33310768008232117	 -0.15770816802978516
0.3775891363620758	 0.9123125076293945	 -0.1584688425064087	 0.0018968582153320312
-0.25467756390571594	 0.2668565511703491	 0.9294766783714294	 0.3382072448730469
0.0	 0.0	 0.0	 1.0
8 	 39	 55
0.9947512149810791	 0.04751484468579292	 -0.09062214940786362	 0.11091327667236328
-0.05980563163757324	 0.988605797290802	 -0.13813699781894684	 -0.16426903009414673
0.08302602916955948	 0.14283165335655212	 0.9862585067749023	 0.5573443174362183
0.0	 0.0	 0.0	 1.0
8 	 40	 55
0.9961137771606445	 0.07875006645917892	 -0.03944326937198639	 0.3944056034088135
-0.07193785160779953	 0.9858338832855225	 0.1515139490365982	 -0.2557157874107361
0.05081624537706375	 -0.14808766543865204	 0.9876678586006165	 0.3553309440612793
0.0	 0.0	 0.0	 1.0
8 	 41	 55
0.9845731854438782	 0.16191957890987396	 -0.06631509959697723	 0.3189697265625
-0.13487768173217773	 0.9437659978866577	 0.30185049772262573	 -0.5037912726402283
0.11146143823862076	 -0.28824949264526367	 0.9510460495948792	 0.35441213846206665
0.0	 0.0	 0.0	 1.0
8 	 42	 55
0.5337719321250916	 0.8034749031066895	 -0.26365822553634644	 0.023346900939941406
-0.6907107830047607	 0.5941296219825745	 0.4122239947319031	 -0.4306097626686096
0.4878588020801544	 -0.037922006100416183	 0.872098445892334	 0.34143245220184326
0.0	 0.0	 0.0	 1.0
9 	 10	 55
0.8788188099861145	 0.21650634706020355	 -0.42520871758461	 0.018154501914978027
-0.28349363803863525	 0.9537129402160645	 -0.10031463205814362	 -0.0070236921310424805
0.38380828499794006	 0.20870235562324524	 0.8995190262794495	 -0.0013179183006286621
0.0	 0.0	 0.0	 1.0
9 	 36	 55
0.9123125076293945	 -0.1584688425064087	 0.3775891363620758	 -1.69675874710083
0.2668565511703491	 0.9294766783714294	 -0.25467756390571594	 0.5070466995239258
-0.3106018304824829	 0.33310768008232117	 0.8902616500854492	 -0.048501789569854736
0.0	 0.0	 0.0	 1.0
9 	 43	 55
0.6768983602523804	 0.47232532501220703	 -0.5645506381988525	 0.6631374359130859
-0.2937191128730774	 0.8765861392021179	 0.3812161982059479	 -0.4097900390625
0.6749353408813477	 -0.09222530573606491	 0.7320907115936279	 0.3895513415336609
0.0	 0.0	 0.0	 1.0
9 	 44	 55
0.7722193002700806	 0.20511484146118164	 -0.6013362407684326	 0.6661849021911621
-0.13281859457492828	 0.9776592254638672	 0.16291606426239014	 -0.4792942404747009
0.6213184595108032	 -0.04593828693032265	 0.7822103500366211	 0.3062475323677063
0.0	 0.0	 0.0	 1.0
9 	 45	 55
0.6522156000137329	 0.146174356341362	 -0.7438063621520996	 0.6431412696838379
-0.2565590441226959	 0.9658892750740051	 -0.035148367285728455	 -0.05925023555755615
0.7132967710494995	 0.2137545645236969	 0.667470395565033	 0.3907925486564636
0.0	 0.0	 0.0	 1.0
10 	 18	 55
0.9985492825508118	 -0.03200891986489296	 -0.04329879209399223	 -0.8368297815322876
0.024412794038653374	 0.9858574867248535	 -0.16579802334308624	 0.30680668354034424
0.047993455082178116	 0.16450044512748718	 0.9852087497711182	 -0.06417179107666016
0.0	 0.0	 0.0	 1.0
10 	 19	 55
0.513196587562561	 -0.150394007563591	 0.8449916243553162	 -2.406897783279419
0.30490249395370483	 0.9522542357444763	 -0.015694355592131615	 -0.6170779466629028
-0.8022865653038025	 0.26569435000419617	 0.5345491766929626	 1.7135673761367798
0.0	 0.0	 0.0	 1.0
10 	 20	 55
0.02639320306479931	 -0.10835705697536469	 0.9937615990638733	 -2.4051783084869385
0.41737404465675354	 0.9045084714889526	 0.0875401496887207	 -0.5149401426315308
-0.9083514213562012	 0.4124598503112793	 0.06909830123186111	 1.4884659051895142
0.0	 0.0	 0.0	 1.0
10 	 35	 55
0.9947512149810791	 -0.05980563163757324	 -0.08302602916955948	 -1.44230318069458
0.04751484468579292	 0.988605797290802	 -0.14283165335655212	 0.35087287425994873
0.09062214940786362	 0.13813699781894684	 0.9862585067749023	 -0.35528767108917236
0.0	 0.0	 0.0	 1.0
10 	 36	 55
0.7722193002700806	 -0.13281859457492828	 0.6213184595108032	 -1.3506356477737427
0.20511484146118164	 0.9776592254638672	 -0.04593828693032265	 0.24302029609680176
-0.6013362407684326	 0.16291606426239014	 0.7822103500366211	 0.24492931365966797
0.0	 0.0	 0.0	 1.0
10 	 43	 55
0.9537129402160645	 0.20870235562324524	 -0.21650634706020355	 0.6421539783477783
-0.10031463205814362	 0.8995190262794495	 0.42520871758461	 -0.22733843326568604
0.28349363803863525	 -0.38380828499794006	 0.8788188099861145	 -0.004174351692199707
0.0	 0.0	 0.0	 1.0
10 	 44	 55
0.9510460495948792	 -0.06631509959697723	 -0.30185049772262573	 0.8777709007263184
0.11146143823862076	 0.9845731854438782	 0.13487768173217773	 -0.1709396243095398
0.28824949264526367	 -0.16191957890987396	 0.9437659978866577	 0.04056072235107422
0.0	 0.0	 0.0	 1.0
10 	 45	 55
0.8695614337921143	 0.1107325628399849	 -0.4812496602535248	 0.8830685615539551
-0.15213298797607422	 0.9872065782546997	 -0.0477362759411335	 0.14147520065307617
0.46980684995651245	 0.1147235706448555	 0.8752828240394592	 0.22272300720214844
0.0	 0.0	 0.0	 1.0
10 	 54	 55
0.6522156000137329	 0.146174356341362	 -0.7438063621520996	 0.5150818824768066
-0.2565590441226959	 0.9658892750740051	 -0.035148367285728455	 0.39656591415405273
0.7132967710494995	 0.2137545645236969	 0.667470395565033	 0.4095951318740845
0.0	 0.0	 0.0	 1.0
11 	 34	 55
0.8694818615913391	 -0.36595287919044495	 0.3317826986312866	 -1.4369704723358154
0.33609357476234436	 0.9305115938186646	 0.14556550979614258	 -0.015018463134765625
-0.3619977533817291	 -0.015056530945003033	 0.9320573806762695	 -0.15212464332580566
0.0	 0.0	 0.0	 1.0
11 	 35	 55
0.7883852124214172	 -0.26290491223335266	 0.5561742186546326	 -1.2089637517929077
0.37988269329071045	 0.9191703200340271	 -0.10399528592824936	 0.0364232063293457
-0.4838779866695404	 0.2932693064212799	 0.8245333433151245	 0.16998028755187988
0.0	 0.0	 0.0	 1.0
11 	 46	 55
0.9563611745834351	 -0.026970280334353447	 -0.29093971848487854	 0.5896849632263184
-0.026970280334353447	 0.9833314418792725	 -0.17981062829494476	 0.5444272756576538
0.29093971848487854	 0.17981062829494476	 0.9396926164627075	 -0.3280477523803711
0.0	 0.0	 0.0	 1.0
11 	 47	 55
0.7722193002700806	 0.13281859457492828	 -0.6213184595108032	 0.1995849609375
-0.20511484146118164	 0.9776592254638672	 -0.04593828693032265	 0.34643328189849854
0.6013362407684326	 0.16291606426239014	 0.7822103500366211	 -0.07413971424102783
0.0	 0.0	 0.0	 1.0
11 	 53	 55
0.9030550718307495	 -0.05991525948047638	 -0.4253253936767578	 0.4626641273498535
-0.05991525948047638	 0.9629703164100647	 -0.2628655433654785	 0.5886931419372559
0.4253253936767578	 0.2628655433654785	 0.8660253882408142	 -0.31519484519958496
0.0	 0.0	 0.0	 1.0
11 	 54	 55
0.990056574344635	 -0.08000237494707108	 -0.11570504307746887	 0.45595085620880127
0.06771159172058105	 0.9920029044151306	 -0.10651468485593796	 0.47790610790252686
0.12330117076635361	 0.09762098640203476	 0.9875560402870178	 -0.3958885669708252
0.0	 0.0	 0.0	 1.0
12 	 13	 55
0.8660253882408142	 0.2628655433654785	 -0.4253253936767578	 -0.14000272750854492
-0.2628655433654785	 0.9629703164100647	 0.05991525948047638	 -0.31527578830718994
0.4253253936767578	 0.05991525948047638	 0.9030550718307495	 0.6515624523162842
0.0	 0.0	 0.0	 1.0
12 	 32	 55
0.7720803618431091	 -0.47733792662620544	 0.4195716977119446	 -1.502832293510437
0.425195574760437	 0.8786545991897583	 0.21719768643379211	 -0.30584073066711426
-0.4723352789878845	 0.010705970227718353	 0.8813539147377014	 1.2060668468475342
0.0	 0.0	 0.0	 1.0
12 	 33	 55
0.6427876353263855	 -0.40273338556289673	 0.6516363024711609	 -1.8440498113632202
0.40273338556289673	 0.9012688994407654	 0.15975023806095123	 -0.18528962135314941
-0.6516363024711609	 0.15975023806095123	 0.7415186762809753	 0.8446865081787109
0.0	 0.0	 0.0	 1.0
12 	 47	 55
0.9412485361099243	 -0.2333935797214508	 0.24408741295337677	 -0.6678543090820312
0.24683447182178497	 0.9687204360961914	 -0.025562290102243423	 0.4535360336303711
-0.23048639297485352	 0.0843096524477005	 0.9694162607192993	 -0.7624528408050537
0.0	 0.0	 0.0	 1.0
12 	 48	 55
0.9922955632209778	 -0.12218685448169708	 -0.02049209550023079	 -1.0447440147399902
0.11876057833433151	 0.9851996898651123	 -0.12360205501317978	 0.4112163782119751
0.03529135137796402	 0.12021611630916595	 0.9921202659606934	 -0.4475916624069214
0.0	 0.0	 0.0	 1.0
12 	 52	 55
0.9942411780357361	 -0.04048769548535347	 0.0992233157157898	 -1.2877861261367798
0.07064138352870941	 0.9438597559928894	 -0.32270506024360657	 0.5969159603118896
-0.08058731257915497	 0.3278559148311615	 0.9412842988967896	 -0.5817023515701294
0.0	 0.0	 0.0	 1.0
12 	 53	 55
0.7883852124214172	 -0.26290491223335266	 0.5561742186546326	 -1.0680261850357056
0.37988269329071045	 0.9191703200340271	 -0.10399528592824936	 0.6622915267944336
-0.4838779866695404	 0.2932693064212799	 0.8245333433151245	 -0.9969272613525391
0.0	 0.0	 0.0	 1.0
13 	 14	 55
0.7883852124214172	 0.26290491223335266	 -0.5561742186546326	 0.16990303993225098
-0.37988269329071045	 0.9191703200340271	 -0.10399528592824936	 -0.1073228120803833
0.4838779866695404	 0.2932693064212799	 0.8245333433151245	 0.34241795539855957
0.0	 0.0	 0.0	 1.0
13 	 24	 55
0.7883852124214172	 -0.26290491223335266	 0.5561742186546326	 -1.0055679082870483
0.37988269329071045	 0.9191703200340271	 -0.10399528592824936	 -0.2936631441116333
-0.4838779866695404	 0.2932693064212799	 0.8245333433151245	 0.6108925342559814
0.0	 0.0	 0.0	 1.0
13 	 25	 55
0.7883852124214172	 0.37988269329071045	 -0.4838779866695404	 0.2555711269378662
-0.26290491223335266	 0.9191703200340271	 0.2932693064212799	 -0.37877345085144043
0.5561742186546326	 -0.10399528592824936	 0.8245333433151245	 0.9199817180633545
0.0	 0.0	 0.0	 1.0
13 	 26	 55
0.9862585067749023	 -0.09062214940786362	 -0.13813699781894684	 -0.08761608600616455
0.08302602916955948	 0.9947512149810791	 -0.05980563163757324	 -0.4759865999221802
0.14283165335655212	 0.04751484468579292	 0.988605797290802	 0.9711820483207703
0.0	 0.0	 0.0	 1.0
13 	 48	 55
0.7883852124214172	 -0.26290491223335266	 0.5561742186546326	 -1.8194142580032349
0.37988269329071045	 0.9191703200340271	 -0.10399528592824936	 0.5526323318481445
-0.4838779866695404	 0.2932693064212799	 0.8245333433151245	 -0.4722929000854492
0.0	 0.0	 0.0	 1.0
13 	 49	 55
0.9954965710639954	 -0.09346266090869904	 0.015852732583880424	 -1.646162986755371
0.09346266090869904	 0.9396926164627075	 -0.3290022909641266	 0.5128955841064453
0.015852732583880424	 0.3290022909641266	 0.9441960453987122	 -0.3805326223373413
0.0	 0.0	 0.0	 1.0
13 	 52	 55
0.8468741178512573	 -0.17875689268112183	 0.5008494853973389	 -1.5864378213882446
0.3680309057235718	 0.8768473863601685	 -0.30934110283851624	 0.8144903182983398
-0.38387173414230347	 0.44630107283592224	 0.8083673715591431	 -0.7493704557418823
0.0	 0.0	 0.0	 1.0
14 	 15	 55
0.9412842988967896	 0.08058731257915497	 -0.3278559148311615	 0.14987242221832275
-0.0992233157157898	 0.9942411780357361	 -0.04048769548535347	 0.18261873722076416
0.32270506024360657	 0.07064138352870941	 0.9438597559928894	 0.06621384620666504
0.0	 0.0	 0.0	 1.0
14 	 16	 55
0.8695614337921143	 0.15213298797607422	 -0.46980684995651245	 0.21739590167999268
-0.1107325628399849	 0.9872065782546997	 0.1147235706448555	 0.06236457824707031
0.4812496602535248	 -0.0477362759411335	 0.8752828240394592	 -0.3580969572067261
0.0	 0.0	 0.0	 1.0
14 	 23	 55
0.8695614337921143	 0.15213298797607422	 -0.46980684995651245	 0.004104733467102051
-0.1107325628399849	 0.9872065782546997	 0.1147235706448555	 -0.11435151100158691
0.4812496602535248	 -0.0477362759411335	 0.8752828240394592	 0.2241307497024536
0.0	 0.0	 0.0	 1.0
14 	 24	 55
0.9852087497711182	 0.047993455082178116	 -0.16450044512748718	 -0.13939893245697021
-0.04329879209399223	 0.9985492825508118	 0.03200891986489296	 -0.20472276210784912
0.16579802334308624	 -0.024412794038653374	 0.9858574867248535	 0.49193429946899414
0.0	 0.0	 0.0	 1.0
14 	 25	 55
0.9657288789749146	 -0.2469814568758011	 0.07979899644851685	 -0.05139660835266113
0.186907097697258	 0.875074565410614	 0.44644176959991455	 -0.19452977180480957
-0.180092915892601	 -0.41622671484947205	 0.8912473917007446	 0.5272176265716553
0.0	 0.0	 0.0	 1.0
14 	 26	 55
0.7660444378852844	 -0.3379334509372711	 0.5467877984046936	 -0.17381882667541504
0.3379334509372711	 0.9353362917900085	 0.10462810844182968	 -0.04864072799682617
-0.5467877984046936	 0.10462810844182968	 0.8307081460952759	 0.7415156364440918
0.0	 0.0	 0.0	 1.0
14 	 49	 55
0.6427876353263855	 -0.40273338556289673	 0.6516363024711609	 -2.253493309020996
0.40273338556289673	 0.9012688994407654	 0.15975023806095123	 -0.5061557292938232
-0.6516363024711609	 0.15975023806095123	 0.7415186762809753	 0.6488418579101562
0.0	 0.0	 0.0	 1.0
14 	 51	 55
0.7722193002700806	 -0.13281859457492828	 0.6213184595108032	 -2.4184987545013428
0.20511484146118164	 0.9776592254638672	 -0.04593828693032265	 -0.3132275342941284
-0.6013362407684326	 0.16291606426239014	 0.7822103500366211	 0.5810942649841309
0.0	 0.0	 0.0	 1.0
15 	 16	 55
0.9862585067749023	 0.09062214940786362	 -0.13813699781894684	 -0.11600708961486816
-0.08302602916955948	 0.9947512149810791	 0.05980563163757324	 0.08332061767578125
0.14283165335655212	 -0.04751484468579292	 0.988605797290802	 -0.3872230052947998
0.0	 0.0	 0.0	 1.0
15 	 22	 55
0.9605283141136169	 0.1698646992444992	 -0.22029832005500793	 -0.7362890243530273
-0.12107501178979874	 0.9682546257972717	 0.21868667006492615	 0.38336145877838135
0.2504520118236542	 -0.18338212370872498	 0.9506023526191711	 -0.628321647644043
0.0	 0.0	 0.0	 1.0
15 	 23	 55
0.9852087497711182	 -0.04329879209399223	 -0.16579802334308624	 -0.12958824634552002
0.047993455082178116	 0.9985492825508118	 0.024412794038653374	 -0.052971601486206055
0.16450044512748718	 -0.03200891986489296	 0.9858574867248535	 0.23880600929260254
0.0	 0.0	 0.0	 1.0
15 	 24	 55
0.9848077297210693	 -0.09129224717617035	 0.14771395921707153	 -0.07853198051452637
0.09129224717617035	 0.9958009719848633	 0.0067941793240606785	 -0.224326491355896
-0.14771395921707153	 0.0067941793240606785	 0.989006757736206	 0.5187488794326782
0.0	 0.0	 0.0	 1.0
15 	 49	 55
0.3593863248825073	 -0.14534933865070343	 0.921799898147583	 -2.2647156715393066
0.34867629408836365	 0.937168538570404	 0.011832643300294876	 -0.26116836071014404
-0.8656017184257507	 0.3171572983264923	 0.38748544454574585	 1.632918357849121
0.0	 0.0	 0.0	 1.0
15 	 51	 55
0.513196587562561	 -0.150394007563591	 0.8449916243553162	 -2.2932546138763428
0.30490249395370483	 0.9522542357444763	 -0.015694355592131615	 -0.5523966550827026
-0.8022865653038025	 0.26569435000419617	 0.5345491766929626	 1.425656795501709
0.0	 0.0	 0.0	 1.0
16 	 17	 55
0.9412842988967896	 0.08058731257915497	 -0.3278559148311615	 -0.22074568271636963
-0.0992233157157898	 0.9942411780357361	 -0.04048769548535347	 0.2895376682281494
0.32270506024360657	 0.07064138352870941	 0.9438597559928894	 -0.33352798223495483
0.0	 0.0	 0.0	 1.0
16 	 22	 55
0.9605283141136169	 0.1698646992444992	 -0.22029832005500793	 -0.17628896236419678
-0.12107501178979874	 0.9682546257972717	 0.21868667006492615	 0.07536137104034424
0.2504520118236542	 -0.18338212370872498	 0.9506023526191711	 -0.1463215947151184
0.0	 0.0	 0.0	 1.0
16 	 23	 55
0.9848077297210693	 -0.14771395921707153	 0.09129224717617035	 -0.10158312320709229
0.14771395921707153	 0.989006757736206	 0.0067941793240606785	 -0.23220598697662354
-0.09129224717617035	 0.0067941793240606785	 0.9958009719848633	 0.5527216792106628
0.0	 0.0	 0.0	 1.0
16 	 24	 55
0.9396926164627075	 -0.17981062829494476	 0.29093971848487854	 0.22825312614440918
0.17981062829494476	 0.9833314418792725	 0.026970280334353447	 -0.4452887773513794
-0.29093971848487854	 0.026970280334353447	 0.9563611745834351	 0.8627275824546814
0.0	 0.0	 0.0	 1.0
16 	 48	 55
0.9852087497711182	 -0.047993455082178116	 -0.16450044512748718	 0.24955296516418457
0.04329879209399223	 0.9985492825508118	 -0.03200891986489296	 0.127282977104187
0.16579802334308624	 0.024412794038653374	 0.9858574867248535	 -0.006990492343902588
0.0	 0.0	 0.0	 1.0
16 	 49	 55
0.3593863248825073	 -0.14534933865070343	 0.921799898147583	 -1.7047154903411865
0.34867629408836365	 0.937168538570404	 0.011832643300294876	 -0.49916839599609375
-0.8656017184257507	 0.3171572983264923	 0.38748544454574585	 1.9049184322357178
0.0	 0.0	 0.0	 1.0
16 	 51	 55
0.3593863248825073	 -0.14534933865070343	 0.921799898147583	 -1.8620641231536865
0.34867629408836365	 0.937168538570404	 0.011832643300294876	 -0.7912026643753052
-0.8656017184257507	 0.3171572983264923	 0.38748544454574585	 2.0402801036834717
0.0	 0.0	 0.0	 1.0
17 	 21	 55
0.9396926164627075	 0.17981062829494476	 -0.29093971848487854	 -0.19595539569854736
-0.17981062829494476	 0.9833314418792725	 0.026970280334353447	 0.11695742607116699
0.29093971848487854	 0.026970280334353447	 0.9563611745834351	 -0.11414998769760132
0.0	 0.0	 0.0	 1.0
17 	 22	 55
0.9985492825508118	 -0.03200891986489296	 0.04329879209399223	 0.2320394515991211
0.024412794038653374	 0.9858574867248535	 0.16579802334308624	 0.002090930938720703
-0.047993455082178116	 -0.16450044512748718	 0.9852087497711182	 0.12884598970413208
0.0	 0.0	 0.0	 1.0
18 	 19	 55
0.6427876353263855	 0.6516363024711609	 -0.40273338556289673	 -0.425479531288147
-0.6516363024711609	 0.7415186762809753	 0.15975023806095123	 -0.22001993656158447
0.40273338556289673	 0.15975023806095123	 0.9012688994407654	 0.006770610809326172
0.0	 0.0	 0.0	 1.0
18 	 20	 55
0.9947512149810791	 0.04751484468579292	 -0.09062214940786362	 -0.2520639896392822
-0.05980563163757324	 0.988605797290802	 -0.13813699781894684	 -0.16307270526885986
0.08302602916955948	 0.14283165335655212	 0.9862585067749023	 0.06579673290252686
0.0	 0.0	 0.0	 1.0
18 	 36	 55
0.6522156000137329	 0.146174356341362	 -0.7438063621520996	 1.0161411762237549
-0.2565590441226959	 0.9658892750740051	 -0.035148367285728455	 -0.08353626728057861
0.7132967710494995	 0.2137545645236969	 0.667470395565033	 1.1220521926879883
0.0	 0.0	 0.0	 1.0
18 	 45	 55
-0.02945755608379841	 0.9388408660888672	 0.3430889844894409	 -1.4890706539154053
0.9946243166923523	 -0.006557122338563204	 0.10334140062332153	 -0.7445697784423828
0.09927081316709518	 0.34428882598876953	 -0.9336008429527283	 5.99713134765625
0.0	 0.0	 0.0	 1.0
19 	 20	 55
0.8695614337921143	 -0.1107325628399849	 0.4812496602535248	 0.20707207918167114
0.15213298797607422	 0.9872065782546997	 -0.0477362759411335	 0.02649247646331787
-0.46980684995651245	 0.1147235706448555	 0.8752828240394592	 -0.08988714218139648
0.0	 0.0	 0.0	 1.0
19 	 36	 55
0.9412842988967896	 0.0992233157157898	 -0.32270506024360657	 1.9700312614440918
-0.08058731257915497	 0.9942411780357361	 0.07064138352870941	 0.2116537094116211
0.3278559148311615	 -0.04048769548535347	 0.9438597559928894	 0.1699315309524536
0.0	 0.0	 0.0	 1.0
20 	 36	 55
0.6522156000137329	 0.2565590441226959	 -0.7132967710494995	 1.4803764820098877
-0.146174356341362	 0.9658892750740051	 0.2137545645236969	 0.023857593536376953
0.7438063621520996	 -0.035148367285728455	 0.667470395565033	 1.0896745920181274
0.0	 0.0	 0.0	 1.0
21 	 22	 55
0.8788188099861145	 -0.28349363803863525	 0.38380828499794006	 0.21184957027435303
0.21650634706020355	 0.9537129402160645	 0.20870235562324524	 -0.024841785430908203
-0.42520871758461	 -0.10031463205814362	 0.8995190262794495	 0.1259620189666748
0.0	 0.0	 0.0	 1.0
22 	 23	 55
0.9605283141136169	 -0.12107501178979874	 0.2504520118236542	 0.4937593936920166
0.1698646992444992	 0.9682546257972717	 -0.18338212370872498	 -0.43251264095306396
-0.22029832005500793	 0.21868667006492615	 0.9506023526191711	 0.5954489707946777
0.0	 0.0	 0.0	 1.0
23 	 24	 55
0.9412842988967896	 -0.08058731257915497	 0.3278559148311615	 0.06911611557006836
0.0992233157157898	 0.9942411780357361	 -0.04048769548535347	 -0.18212676048278809
-0.32270506024360657	 0.07064138352870941	 0.9438597559928894	 0.32991623878479004
0.0	 0.0	 0.0	 1.0
23 	 49	 55
0.3593863248825073	 -0.14534933865070343	 0.921799898147583	 -1.774715542793274
0.34867629408836365	 0.937168538570404	 0.011832643300294876	 -0.30916833877563477
-0.8656017184257507	 0.3171572983264923	 0.38748544454574585	 1.3789184093475342
0.0	 0.0	 0.0	 1.0
23 	 51	 55
0.3593863248825073	 -0.14534933865070343	 0.921799898147583	 -1.932064175605774
0.34867629408836365	 0.937168538570404	 0.011832643300294876	 -0.6012023687362671
-0.8656017184257507	 0.3171572983264923	 0.38748544454574585	 1.514280080795288
0.0	 0.0	 0.0	 1.0
24 	 25	 55
0.9537129402160645	 -0.20870235562324524	 0.21650634706020355	 0.21297621726989746
0.10031463205814362	 0.8995190262794495	 0.42520871758461	 -0.008349180221557617
-0.28349363803863525	 -0.38380828499794006	 0.8788188099861145	 -0.004426240921020508
0.0	 0.0	 0.0	 1.0
24 	 49	 55
0.6522156000137329	 -0.146174356341362	 0.7438063621520996	 -2.0496129989624023
0.2565590441226959	 0.9658892750740051	 -0.035148367285728455	 0.08235812187194824
-0.7132967710494995	 0.2137545645236969	 0.667470395565033	 0.3671581745147705
0.0	 0.0	 0.0	 1.0
24 	 51	 55
0.6522156000137329	 -0.146174356341362	 0.7438063621520996	 -2.2902097702026367
0.2565590441226959	 0.9658892750740051	 -0.035148367285728455	 -0.2280367612838745
-0.7132967710494995	 0.2137545645236969	 0.667470395565033	 0.518623948097229
0.0	 0.0	 0.0	 1.0
25 	 26	 55
0.9123125076293945	 -0.1584688425064087	 0.3775891363620758	 -0.07155132293701172
0.2668565511703491	 0.9294766783714294	 -0.25467756390571594	 -0.20924508571624756
-0.3106018304824829	 0.33310768008232117	 0.8902616500854492	 0.19256806373596191
0.0	 0.0	 0.0	 1.0
25 	 48	 55
0.5477457642555237	 0.3080126941204071	 -0.7778835296630859	 2.6725263595581055
-0.5580127239227295	 0.8272542357444763	 -0.06536231935024261	 -0.7025998830795288
0.6233749985694885	 0.46987080574035645	 0.625	 0.5043762922286987
0.0	 0.0	 0.0	 1.0
25 	 49	 55
0.9191703200340271	 -0.10399528592824936	 0.37988269329071045	 -1.8343594074249268
0.2932693064212799	 0.8245333433151245	 -0.4838779866695404	 0.5780521631240845
-0.26290491223335266	 0.5561742186546326	 0.7883852124214172	 -0.31250154972076416
0.0	 0.0	 0.0	 1.0
25 	 51	 55
0.9191703200340271	 -0.10399528592824936	 0.37988269329071045	 -2.0904955863952637
0.2932693064212799	 0.8245333433151245	 -0.4838779866695404	 0.2957543134689331
-0.26290491223335266	 0.5561742186546326	 0.7883852124214172	 -0.4340246915817261
0.0	 0.0	 0.0	 1.0
25 	 52	 55
0.7662014365196228	 0.18132270872592926	 -0.616487979888916	 2.528677463531494
-0.4703136086463928	 0.811965823173523	 -0.34571173787117004	 -0.109183669090271
0.4378817677497864	 0.5548275113105774	 0.7074079513549805	 -0.18998336791992188
0.0	 0.0	 0.0	 1.0
26 	 27	 55
0.9875560402870178	 -0.11570504307746887	 0.10651468485593796	 -0.022181987762451172
0.12330117076635361	 0.990056574344635	 -0.06771159172058105	 -0.23164582252502441
