0 	 1	 60
0.9921202659606934	 -0.02049209550023079	 0.12360205501317978	 -0.060552120208740234
0.03529135137796402	 0.9922955632209778	 -0.11876057833433151	 -0.06595730781555176
-0.12021611630916595	 0.12218685448169708	 0.9851996898651123	 -0.008179306983947754
0.0	 0.0	 0.0	 1.0
0 	 2	 60
0.9396926164627075	 -0.17981062829494476	 0.29093971848487854	 0.05687987804412842
0.17981062829494476	 0.9833314418792725	 0.026970280334353447	 0.009974360466003418
-0.29093971848487854	 0.026970280334353447	 0.9563611745834351	 -0.19048309326171875
0.0	 0.0	 0.0	 1.0
1 	 2	 60
0.9862585067749023	 -0.09062214940786362	 0.13813699781894684	 0.2639364004135132
0.08302602916955948	 0.9947512149810791	 0.05980563163757324	 0.17887771129608154
-0.14283165335655212	 -0.04751484468579292	 0.988605797290802	 -0.1723421812057495
0.0	 0.0	 0.0	 1.0
1 	 34	 60
0.3593863248825073	 -0.34867629408836365	 0.8656017184257507	 -2.397663116455078
0.14534933865070343	 0.937168538570404	 0.3171572983264923	 -0.6808227300643921
-0.921799898147583	 0.011832643300294876	 0.38748544454574585	 1.654148817062378
0.0	 0.0	 0.0	 1.0
2 	 34	 60
0.6522156000137329	 -0.2565590441226959	 0.7132967710494995	 -2.725245952606201
0.146174356341362	 0.9658892750740051	 0.2137545645236969	 -0.6469339728355408
-0.7438063621520996	 -0.035148367285728455	 0.667470395565033	 0.9497466087341309
0.0	 0.0	 0.0	 1.0
2 	 36	 60
0.6522156000137329	 -0.2565590441226959	 0.7132967710494995	 -2.4845736026763916
0.146174356341362	 0.9658892750740051	 0.2137545645236969	 -0.4479975700378418
-0.7438063621520996	 -0.035148367285728455	 0.667470395565033	 1.173026204109192
0.0	 0.0	 0.0	 1.0
2 	 38	 60
-0.1426718384027481	 -0.44021064043045044	 0.8864870667457581	 -2.38679838180542
0.07753342390060425	 0.8879265785217285	 0.4534037709236145	 -1.0974445343017578
-0.9867286086082458	 0.13342033326625824	 -0.0925510823726654	 2.3492143154144287
0.0	 0.0	 0.0	 1.0
3 	 4	 60
-0.6427876353263855	 -0.40273338556289673	 -0.6516363024711609	 1.0127630233764648
0.40273338556289673	 0.5459446907043457	 -0.7346769571304321	 2.1581296920776367
0.6516363024711609	 -0.7346769571304321	 -0.18873228132724762	 3.781604290008545
0.0	 0.0	 0.0	 1.0
3 	 6	 60
0.7722193002700806	 0.20511484146118164	 -0.6013362407684326	 0.12955749034881592
-0.13281859457492828	 0.9776592254638672	 0.16291606426239014	 -0.28507936000823975
0.6213184595108032	 -0.04593828693032265	 0.7822103500366211	 0.6061025857925415
0.0	 0.0	 0.0	 1.0
3 	 31	 60
0.9791643023490906	 0.13008488714694977	 -0.1559332311153412	 0.6937196254730225
-0.0812951922416687	 0.954769492149353	 0.28601810336112976	 0.048337578773498535
0.18608692288398743	 -0.26738211512565613	 0.9454514384269714	 0.7161821722984314
0.0	 0.0	 0.0	 1.0
3 	 47	 60
0.9441960453987122	 0.015852732583880424	 -0.3290022909641266	 -0.16896307468414307
0.015852732583880424	 0.9954965710639954	 0.09346266090869904	 0.14656734466552734
0.3290022909641266	 -0.09346266090869904	 0.9396926164627075	 1.2792408466339111
0.0	 0.0	 0.0	 1.0
4 	 6	 60
0.9921202659606934	 -0.03529135137796402	 -0.12021611630916595	 0.35367321968078613
0.02049209550023079	 0.9922955632209778	 -0.12218685448169708	 0.15378808975219727
0.12360205501317978	 0.11876057833433151	 0.9851996898651123	 -0.07128369808197021
0.0	 0.0	 0.0	 1.0
4 	 7	 60
1.0	 0.0	 0.0	 0.49000000953674316
0.0	 1.0	 0.0	 -0.03800010681152344
0.0	 0.0	 1.0	 0.4539998173713684
0.0	 0.0	 0.0	 1.0
6 	 7	 60
0.9921202659606934	 -0.03529135137796402	 0.12021611630916595	 0.22804772853851318
0.02049209550023079	 0.9922955632209778	 0.12218685448169708	 -0.16678917407989502
-0.12360205501317978	 -0.11876057833433151	 0.9851996898651123	 0.4996607303619385
0.0	 0.0	 0.0	 1.0
8 	 9	 60
0.9862585067749023	 0.09062214940786362	 -0.13813699781894684	 0.18163049221038818
-0.08302602916955948	 0.9947512149810791	 0.05980563163757324	 -0.03641998767852783
0.14283165335655212	 -0.04751484468579292	 0.988605797290802	 0.5194387435913086
0.0	 0.0	 0.0	 1.0
8 	 10	 60
0.7722193002700806	 0.20511484146118164	 -0.6013362407684326	 0.4406231641769409
-0.13281859457492828	 0.9776592254638672	 0.16291606426239014	 -0.19895398616790771
0.6213184595108032	 -0.04593828693032265	 0.7822103500366211	 0.655279278755188
0.0	 0.0	 0.0	 1.0
8 	 24	 60
0.5459446907043457	 -0.7346769571304321	 0.40273338556289673	 -0.4209449291229248
-0.7346769571304321	 -0.18873228132724762	 0.6516363024711609	 -0.9341453909873962
-0.40273338556289673	 -0.6516363024711609	 -0.6427876353263855	 3.707030773162842
0.0	 0.0	 0.0	 1.0
8 	 26	 60
-0.4362203776836395	 -0.8876330256462097	 -0.14771395921707153	 0.8946740627288818
-0.8876330256462097	 0.4514126181602478	 -0.09129224717617035	 0.7231359481811523
0.14771395921707153	 0.09129224717617035	 -0.9848077297210693	 4.056575298309326
0.0	 0.0	 0.0	 1.0
8 	 28	 60
0.0840081125497818	 0.7569345831871033	 -0.6480684280395508	 1.2573115825653076
0.9634262919425964	 0.10438448935747147	 0.2468070238828659	 -0.229170560836792
0.2544650733470917	 -0.645099937915802	 -0.7204815149307251	 3.702476978302002
0.0	 0.0	 0.0	 1.0
8 	 29	 60
0.5854101777076721	 0.670820415019989	 -0.45529648661613464	 1.5738029479980469
0.670820415019989	 -0.08541020005941391	 0.7366852164268494	 -0.9543918967247009
0.45529648661613464	 -0.7366852164268494	 -0.5	 3.3141822814941406
0.0	 0.0	 0.0	 1.0
9 	 10	 60
0.8695614337921143	 0.15213298797607422	 -0.46980684995651245	 0.24609196186065674
-0.1107325628399849	 0.9872065782546997	 0.1147235706448555	 -0.2511718273162842
0.4812496602535248	 -0.0477362759411335	 0.8752828240394592	 0.06489193439483643
0.0	 0.0	 0.0	 1.0
10 	 11	 60
0.9848077297210693	 -0.09129224717617035	 0.14771395921707153	 -0.7760329246520996
0.09129224717617035	 0.9958009719848633	 0.0067941793240606785	 -0.21483397483825684
-0.14771395921707153	 0.0067941793240606785	 0.989006757736206	 0.660956084728241
0.0	 0.0	 0.0	 1.0
11 	 12	 60
0.9947512149810791	 0.05980563163757324	 -0.08302602916955948	 0.12456071376800537
-0.04751484468579292	 0.988605797290802	 0.14283165335655212	 -0.22158730030059814
0.09062214940786362	 -0.13813699781894684	 0.9862585067749023	 0.8287491202354431
0.0	 0.0	 0.0	 1.0
11 	 15	 60
0.3593863248825073	 0.34867629408836365	 -0.8656017184257507	 1.3609751462936401
-0.14534933865070343	 0.937168538570404	 0.3171572983264923	 -0.6301624774932861
0.921799898147583	 0.011832643300294876	 0.38748544454574585	 2.2130820751190186
0.0	 0.0	 0.0	 1.0
11 	 17	 60
0.40485161542892456	 0.634341299533844	 -0.6585637927055359	 1.015067458152771
-0.3053513467311859	 0.7726735472679138	 0.5565394163131714	 -1.1442112922668457
0.8618907928466797	 -0.024222547188401222	 0.5065150856971741	 2.0884130001068115
0.0	 0.0	 0.0	 1.0
12 	 13	 60
0.9862585067749023	 0.09062214940786362	 -0.13813699781894684	 0.45247089862823486
-0.08302602916955948	 0.9947512149810791	 0.05980563163757324	 -0.1522289514541626
0.14283165335655212	 -0.04751484468579292	 0.988605797290802	 0.4053971767425537
0.0	 0.0	 0.0	 1.0
12 	 14	 60
0.8660253882408142	 0.2628655433654785	 -0.4253253936767578	 0.900093674659729
-0.2628655433654785	 0.9629703164100647	 0.05991525948047638	 -0.45551615953445435
0.4253253936767578	 0.05991525948047638	 0.9030550718307495	 0.7091507911682129
0.0	 0.0	 0.0	 1.0
12 	 15	 60
0.3420201539993286	 0.49402564764022827	 -0.7993502616882324	 1.4238463640213013
-0.49402564764022827	 0.818138837814331	 0.2942575514316559	 -0.831598162651062
0.7993502616882324	 0.2942575514316559	 0.5238813161849976	 1.2767384052276611
0.0	 0.0	 0.0	 1.0
12 	 16	 60
0.6427876353263855	 0.40273338556289673	 -0.6516363024711609	 1.1183897256851196
-0.40273338556289673	 0.9012688994407654	 0.15975023806095123	 -0.9963821768760681
0.6516363024711609	 0.15975023806095123	 0.7415186762809753	 1.1531928777694702
0.0	 0.0	 0.0	 1.0
12 	 17	 60
0.6768983602523804	 0.47232532501220703	 -0.5645506381988525	 1.0147072076797485
-0.2937191128730774	 0.8765861392021179	 0.3812161982059479	 -0.8604841232299805
0.6749353408813477	 -0.09222530573606491	 0.7320907115936279	 0.7558396458625793
0.0	 0.0	 0.0	 1.0
12 	 18	 60
0.6768983602523804	 0.47232532501220703	 -0.5645506381988525	 0.9673084020614624
-0.2937191128730774	 0.8765861392021179	 0.3812161982059479	 -0.9357802867889404
0.6749353408813477	 -0.09222530573606491	 0.7320907115936279	 1.2438883781433105
0.0	 0.0	 0.0	 1.0
12 	 21	 60
0.02579943835735321	 0.8134828805923462	 -0.5810163617134094	 0.5612444877624512
-0.5906100273132324	 0.48133134841918945	 0.6476881504058838	 -1.4653353691101074
0.8065446019172668	 0.3264440894126892	 0.49286919832229614	 1.8493307828903198
0.0	 0.0	 0.0	 1.0
13 	 14	 60
0.9510460495948792	 0.06631509959697723	 -0.30185049772262573	 0.5045298337936401
-0.11146143823862076	 0.9845731854438782	 -0.13487768173217773	 -0.08505415916442871
0.28824949264526367	 0.16191957890987396	 0.9437659978866577	 0.25349652767181396
0.0	 0.0	 0.0	 1.0
13 	 15	 60
0.6427876353263855	 0.40273338556289673	 -0.6516363024711609	 1.037291169166565
-0.40273338556289673	 0.9012688994407654	 0.15975023806095123	 -0.5861230492591858
0.6516363024711609	 0.15975023806095123	 0.7415186762809753	 0.5575667023658752
0.0	 0.0	 0.0	 1.0
13 	 16	 60
0.7660444378852844	 0.3379334509372711	 -0.5467877984046936	 0.7960813045501709
-0.3379334509372711	 0.9353362917900085	 0.10462810844182968	 -0.8449923396110535
0.5467877984046936	 0.10462810844182968	 0.8307081460952759	 0.5946921706199646
0.0	 0.0	 0.0	 1.0
13 	 17	 60
0.6427876353263855	 0.40273338556289673	 -0.6516363024711609	 0.8274780511856079
-0.40273338556289673	 0.9012688994407654	 0.15975023806095123	 -0.5331076979637146
0.6516363024711609	 0.15975023806095123	 0.7415186762809753	 0.4940550923347473
0.0	 0.0	 0.0	 1.0
13 	 18	 60
0.7883852124214172	 0.37988269329071045	 -0.4838779866695404	 0.7182201147079468
-0.26290491223335266	 0.9191703200340271	 0.2932693064212799	 -0.849949300289154
0.5561742186546326	 -0.10399528592824936	 0.8245333433151245	 0.7677670121192932
0.0	 0.0	 0.0	 1.0
14 	 15	 60
0.8660253882408142	 0.2628655433654785	 -0.4253253936767578	 0.4292888641357422
-0.2628655433654785	 0.9629703164100647	 0.05991525948047638	 -0.10012829303741455
0.4253253936767578	 0.05991525948047638	 0.9030550718307495	 0.14544463157653809
0.0	 0.0	 0.0	 1.0
14 	 16	 60
0.9510460495948792	 0.11146143823862076	 -0.28824949264526367	 0.4731459617614746
-0.06631509959697723	 0.9845731854438782	 0.16191957890987396	 -0.6304721832275391
0.30185049772262573	 -0.13487768173217773	 0.9437659978866577	 0.2901257872581482
0.0	 0.0	 0.0	 1.0
14 	 17	 60
0.8788188099861145	 0.28349363803863525	 -0.38380828499794006	 0.3432910442352295
-0.21650634706020355	 0.9537129402160645	 0.20870235562324524	 -0.3838050961494446
0.42520871758461	 -0.10031463205814362	 0.8995190262794495	 0.20441746711730957
0.0	 0.0	 0.0	 1.0
14 	 18	 60
0.9791643023490906	 0.13008488714694977	 -0.1559332311153412	 0.20253980159759521
-0.0812951922416687	 0.954769492149353	 0.28601810336112976	 -0.47716832160949707
0.18608692288398743	 -0.26738211512565613	 0.9454514384269714	 0.40654653310775757
0.0	 0.0	 0.0	 1.0
14 	 20	 60
0.9875560402870178	 0.12330117076635361	 -0.09762098640203476	 0.30110418796539307
-0.11570504307746887	 0.990056574344635	 0.08000237494707108	 -0.7544791102409363
0.10651468485593796	 -0.06771159172058105	 0.9920029044151306	 0.8974000811576843
0.0	 0.0	 0.0	 1.0
14 	 21	 60
0.6768983602523804	 0.47232532501220703	 -0.5645506381988525	 0.2546597719192505
-0.2937191128730774	 0.8765861392021179	 0.3812161982059479	 -0.7020717263221741
0.6749353408813477	 -0.09222530573606491	 0.7320907115936279	 1.089599370956421
0.0	 0.0	 0.0	 1.0
15 	 16	 60
0.9454514384269714	 -0.18608692288398743	 0.26738211512565613	 -0.14307260513305664
0.1559332311153412	 0.9791643023490906	 0.13008488714694977	 -0.5307486653327942
-0.28601810336112976	 -0.0812951922416687	 0.954769492149353	 0.13599252700805664
0.0	 0.0	 0.0	 1.0
15 	 17	 60
0.99886554479599	 -0.047452233731746674	 -0.003993518650531769	 -0.001157999038696289
0.047452233731746674	 0.9848077297210693	 0.16703884303569794	 -0.3141266107559204
-0.003993518650531769	 -0.16703884303569794	 0.9859422445297241	 0.09045195579528809
0.0	 0.0	 0.0	 1.0
15 	 18	 60
0.9605283141136169	 -0.1698646992444992	 0.22029832005500793	 -0.0458528995513916
0.12107501178979874	 0.9682546257972717	 0.21868667006492615	 -0.2961353063583374
-0.2504520118236542	 -0.18338212370872498	 0.9506023526191711	 0.2873666286468506
0.0	 0.0	 0.0	 1.0
15 	 21	 60
0.9682546257972717	 0.21868667006492615	 -0.12107501178979874	 0.2732067108154297
-0.18338212370872498	 0.9506023526191711	 0.2504520118236542	 -0.5618100166320801
0.1698646992444992	 -0.22029832005500793	 0.9605283141136169	 0.8108221292495728
0.0	 0.0	 0.0	 1.0
16 	 17	 60
0.9605283141136169	 0.1698646992444992	 -0.22029832005500793	 0.033088088035583496
-0.12107501178979874	 0.9682546257972717	 0.21868667006492615	 -0.04183453321456909
0.2504520118236542	 -0.18338212370872498	 0.9506023526191711	 -0.004682779312133789
0.0	 0.0	 0.0	 1.0
16 	 18	 60
0.9985492825508118	 0.024412794038653374	 0.047993455082178116	 -0.08175849914550781
-0.03200891986489296	 0.9858574867248535	 0.16450044512748718	 0.08557754755020142
-0.04329879209399223	 -0.16579802334308624	 0.9852087497711182	 0.17836952209472656
0.0	 0.0	 0.0	 1.0
16 	 19	 60
0.9687204360961914	 -0.0843096524477005	 0.2333935797214508	 0.1792769432067871
0.025562290102243423	 0.9694162607192993	 0.24408741295337677	 -0.49007895588874817
-0.24683447182178497	 -0.23048639297485352	 0.9412485361099243	 0.8293432593345642
0.0	 0.0	 0.0	 1.0
16 	 20	 60
0.9876678586006165	 0.03944326937198639	 0.1515139490365982	 0.0995173454284668
-0.05081624537706375	 0.9961137771606445	 0.07193785160779953	 -0.4108797311782837
-0.14808766543865204	 -0.07875006645917892	 0.9858338832855225	 0.6469712853431702
0.0	 0.0	 0.0	 1.0
16 	 21	 60
0.8902616500854492	 0.3775891363620758	 -0.25467756390571594	 0.06088995933532715
-0.3106018304824829	 0.9123125076293945	 0.2668565511703491	 -0.25740718841552734
0.33310768008232117	 -0.1584688425064087	 0.9294766783714294	 0.7137379050254822
0.0	 0.0	 0.0	 1.0
17 	 18	 60
0.9876678586006165	 -0.05081624537706375	 0.14808766543865204	 0.16930532455444336
0.03944326937198639	 0.9961137771606445	 0.07875006645917892	 -0.10210919380187988
-0.1515139490365982	 -0.07193785160779953	 0.9858338832855225	 0.2032439112663269
0.0	 0.0	 0.0	 1.0
17 	 21	 60
0.9396926164627075	 0.29093971848487854	 -0.17981062829494476	 0.40493690967559814
-0.29093971848487854	 0.9563611745834351	 0.026970280334353447	 -0.3576558828353882
0.17981062829494476	 0.026970280334353447	 0.9833314418792725	 0.6965481638908386
0.0	 0.0	 0.0	 1.0
17 	 22	 60
0.6520034670829773	 0.5776052474975586	 -0.4911859333515167	 0.3114285469055176
-0.49799230694770813	 0.8147251605987549	 0.29702967405319214	 -0.24080967903137207
0.5717474222183228	 0.05094243586063385	 0.818846583366394	 0.7527713775634766
0.0	 0.0	 0.0	 1.0
18 	 19	 60
0.9454514384269714	 -0.1559332311153412	 0.28601810336112976	 0.2878528833389282
0.18608692288398743	 0.9791643023490906	 -0.0812951922416687	 -0.4230085611343384
-0.26738211512565613	 0.13008488714694977	 0.954769492149353	 0.49570155143737793
0.0	 0.0	 0.0	 1.0
18 	 20	 60
0.9947512149810791	 -0.04751484468579292	 0.09062214940786362	 0.2510584592819214
0.05980563163757324	 0.988605797290802	 -0.13813699781894684	 -0.43791908025741577
-0.08302602916955948	 0.14283165335655212	 0.9862585067749023	 0.37511616945266724
0.0	 0.0	 0.0	 1.0
18 	 21	 60
0.8694818615913391	 0.33609357476234436	 -0.3619977533817291	 0.12565505504608154
-0.36595287919044495	 0.9305115938186646	 -0.015056530945003033	 -0.3266831040382385
0.3317826986312866	 0.14556550979614258	 0.9320573806762695	 0.5247291326522827
0.0	 0.0	 0.0	 1.0
19 	 20	 60
0.9510460495948792	 0.06631509959697723	 -0.30185049772262573	 0.12334167957305908
-0.11146143823862076	 0.9845731854438782	 -0.13487768173217773	 0.12930011749267578
0.28824949264526367	 0.16191957890987396	 0.9437659978866577	 -0.09722369909286499
0.0	 0.0	 0.0	 1.0
20 	 21	 60
0.7720803618431091	 0.47733792662620544	 -0.4195716977119446	 -0.09006035327911377
-0.425195574760437	 0.8786545991897583	 0.21719768643379211	 0.06913340091705322
0.4723352789878845	 0.010705970227718353	 0.8813539147377014	 0.11852538585662842
0.0	 0.0	 0.0	 1.0
21 	 22	 60
0.8694818615913391	 0.36595287919044495	 -0.3317826986312866	 -0.08654975891113281
-0.33609357476234436	 0.9305115938186646	 0.14556550979614258	 0.13442718982696533
0.3619977533817291	 -0.015056530945003033	 0.9320573806762695	 0.053231239318847656
0.0	 0.0	 0.0	 1.0
22 	 23	 60
0.9629703164100647	 -0.05991525948047638	 -0.2628655433654785	 -0.03362679481506348
-0.05991525948047638	 0.9030550718307495	 -0.4253253936767578	 -0.10838019847869873
0.2628655433654785	 0.4253253936767578	 0.8660253882408142	 -0.15553337335586548
0.0	 0.0	 0.0	 1.0
23 	 31	 60
0.990056574344635	 0.08000237494707108	 -0.11570504307746887	 -0.8299727439880371
-0.06771159172058105	 0.9920029044151306	 0.10651468485593796	 -0.27842819690704346
0.12330117076635361	 -0.09762098640203476	 0.9875560402870178	 0.6909723877906799
0.0	 0.0	 0.0	 1.0
23 	 32	 60
0.9687204360961914	 -0.0843096524477005	 0.2333935797214508	 -0.8109545111656189
0.025562290102243423	 0.9694162607192993	 0.24408741295337677	 -0.44541507959365845
-0.24683447182178497	 -0.23048639297485352	 0.9412485361099243	 0.6497421860694885
0.0	 0.0	 0.0	 1.0
23 	 42	 60
-0.8649123907089233	 0.22552825510501862	 -0.4484011232852936	 0.6153323650360107
0.22552825510501862	 -0.6234814524650574	 -0.7486039996147156	 2.4469215869903564
-0.4484011232852936	 -0.7486039996147156	 0.4883938133716583	 0.6875783205032349
0.0	 0.0	 0.0	 1.0
24 	 25	 60
0.8695614337921143	 0.1107325628399849	 -0.4812496602535248	 -0.16382551193237305
-0.15213298797607422	 0.9872065782546997	 -0.0477362759411335	 0.0624086856842041
0.46980684995651245	 0.1147235706448555	 0.8752828240394592	 0.0422213077545166
0.0	 0.0	 0.0	 1.0
24 	 26	 60
0.7722193002700806	 0.20511484146118164	 -0.6013362407684326	 0.14275383949279785
-0.13281859457492828	 0.9776592254638672	 0.16291606426239014	 -0.20347273349761963
0.6213184595108032	 -0.04593828693032265	 0.7822103500366211	 0.2395186424255371
0.0	 0.0	 0.0	 1.0
24 	 28	 60
0.6522156000137329	 0.2565590441226959	 -0.7132967710494995	 -0.02197253704071045
-0.146174356341362	 0.9658892750740051	 0.2137545645236969	 -0.268582284450531
0.7438063621520996	 -0.035148367285728455	 0.667470395565033	 0.17022740840911865
0.0	 0.0	 0.0	 1.0
24 	 29	 60
0.9605283141136169	 0.1698646992444992	 -0.22029832005500793	 0.0001971721649169922
-0.12107501178979874	 0.9682546257972717	 0.21868667006492615	 0.06493836641311646
0.2504520118236542	 -0.18338212370872498	 0.9506023526191711	 0.026486635208129883
0.0	 0.0	 0.0	 1.0
24 	 30	 60
0.9921202659606934	 0.02049209550023079	 -0.12360205501317978	 -0.0953909158706665
-0.03529135137796402	 0.9922955632209778	 -0.11876057833433151	 -0.03989088535308838
0.12021611630916595	 0.12218685448169708	 0.9851996898651123	 0.3992665410041809
0.0	 0.0	 0.0	 1.0
24 	 31	 60
0.9687204360961914	 -0.0843096524477005	 0.2333935797214508	 -0.1290968656539917
0.025562290102243423	 0.9694162607192993	 0.24408741295337677	 -0.37960606813430786
-0.24683447182178497	 -0.23048639297485352	 0.9412485361099243	 0.8583345413208008
0.0	 0.0	 0.0	 1.0
25 	 26	 60
0.9961137771606445	 0.07875006645917892	 -0.03944326937198639	 0.04150480031967163
-0.07193785160779953	 0.9858338832855225	 0.1515139490365982	 -0.042774081230163574
0.05081624537706375	 -0.14808766543865204	 0.9876678586006165	 0.003711700439453125
0.0	 0.0	 0.0	 1.0
25 	 27	 60
0.876029908657074	 0.03521730750799179	 -0.4809691905975342	 0.3849790692329407
0.03521730750799179	 0.9899954795837402	 0.1366332620382309	 -0.24023771286010742
0.4809691905975342	 -0.1366332620382309	 0.8660253882408142	 0.27718377113342285
0.0	 0.0	 0.0	 1.0
25 	 28	 60
0.9412842988967896	 0.0992233157157898	 -0.32270506024360657	 0.15098637342453003
-0.08058731257915497	 0.9942411780357361	 0.07064138352870941	 0.002744913101196289
0.3278559148311615	 -0.04048769548535347	 0.9438597559928894	 0.006396055221557617
0.0	 0.0	 0.0	 1.0
25 	 29	 60
0.9687204360961914	 -0.0843096524477005	 0.2333935797214508	 0.03643214702606201
0.025562290102243423	 0.9694162607192993	 0.24408741295337677	 0.15894091129302979
-0.24683447182178497	 -0.23048639297485352	 0.9412485361099243	 -0.1329174041748047
0.0	 0.0	 0.0	 1.0
26 	 27	 60
0.9412842988967896	 0.08058731257915497	 -0.3278559148311615	 0.09276044368743896
-0.0992233157157898	 0.9942411780357361	 -0.04048769548535347	 -0.09992420673370361
0.32270506024360657	 0.07064138352870941	 0.9438597559928894	 0.11957848072052002
0.0	 0.0	 0.0	 1.0
26 	 28	 60
0.9859422445297241	 -0.003993518650531769	 -0.16703884303569794	 -0.12122833728790283
-0.003993518650531769	 0.99886554479599	 -0.047452233731746674	 -0.01019906997680664
0.16703884303569794	 0.047452233731746674	 0.9848077297210693	 -0.016170859336853027
0.0	 0.0	 0.0	 1.0
26 	 29	 60
0.9454514384269714	 -0.18608692288398743	 0.26738211512565613	 -0.01841282844543457
0.1559332311153412	 0.9791643023490906	 0.13008488714694977	 0.1899755597114563
-0.28601810336112976	 -0.0812951922416687	 0.954769492149353	 -0.09888434410095215
0.0	 0.0	 0.0	 1.0
27 	 28	 60
0.9862585067749023	 -0.09062214940786362	 0.13813699781894684	 -0.0123823881149292
0.08302602916955948	 0.9947512149810791	 0.05980563163757324	 -0.03870302438735962
-0.14283165335655212	 -0.04751484468579292	 0.988605797290802	 -0.05622595548629761
0.0	 0.0	 0.0	 1.0
28 	 29	 60
0.8788188099861145	 -0.28349363803863525	 0.38380828499794006	 0.21222305297851562
0.21650634706020355	 0.9537129402160645	 0.20870235562324524	 0.11703658103942871
-0.42520871758461	 -0.10031463205814362	 0.8995190262794495	 -0.13145899772644043
0.0	 0.0	 0.0	 1.0
29 	 30	 60
0.9833314418792725	 0.026970280334353447	 0.17981062829494476	 -0.048970580101013184
0.026970280334353447	 0.9563611745834351	 -0.29093971848487854	 -0.23682355880737305
-0.17981062829494476	 0.29093971848487854	 0.9396926164627075	 0.32052314281463623
0.0	 0.0	 0.0	 1.0
29 	 31	 60
0.5	 0.45529648661613464	 -0.7366852164268494	 2.665330410003662
-0.45529648661613464	 0.861803412437439	 0.22360679507255554	 -0.6716688275337219
0.7366852164268494	 0.22360679507255554	 0.638196587562561	 0.8443588018417358
0.0	 0.0	 0.0	 1.0
30 	 31	 60
0.9030550718307495	 -0.05991525948047638	 0.4253253936767578	 -0.17653876543045044
-0.05991525948047638	 0.9629703164100647	 0.2628655433654785	 -0.11928772926330566
-0.4253253936767578	 -0.2628655433654785	 0.8660253882408142	 0.5533058643341064
0.0	 0.0	 0.0	 1.0
30 	 32	 60
0.5941296219825745	 -0.4122239947319031	 0.6907107830047607	 -0.33539313077926636
0.037922006100416183	 0.872098445892334	 0.4878588020801544	 -0.444327175617218
-0.8034749031066895	 -0.26365822553634644	 0.5337719321250916	 0.7155354022979736
0.0	 0.0	 0.0	 1.0
31 	 32	 60
0.9510460495948792	 -0.11146143823862076	 0.28824949264526367	 0.08288788795471191
0.06631509959697723	 0.9845731854438782	 0.16191957890987396	 -0.15444159507751465
-0.30185049772262573	 -0.13487768173217773	 0.9437659978866577	 -0.0912402868270874
0.0	 0.0	 0.0	 1.0
31 	 33	 60
0.9454514384269714	 -0.1559332311153412	 0.28601810336112976	 -0.2557084560394287
0.18608692288398743	 0.9791643023490906	 -0.0812951922416687	 -0.37726378440856934
-0.26738211512565613	 0.13008488714694977	 0.954769492149353	 0.4522046446800232
0.0	 0.0	 0.0	 1.0
31 	 47	 60
1.1102230246251565e-16	 -0.525731086730957	 0.8506507873535156	 -2.22976016998291
0.525731086730957	 0.7236068248748779	 0.4472135901451111	 -1.1918152570724487
-0.8506507873535156	 0.4472135901451111	 0.27639320492744446	 1.6707348823547363
0.0	 0.0	 0.0	 1.0
31 	 48	 60
0.7883852124214172	 -0.26290491223335266	 0.5561742186546326	 -1.9497722387313843
0.37988269329071045	 0.9191703200340271	 -0.10399528592824936	 -0.5067539215087891
-0.4838779866695404	 0.2932693064212799	 0.8245333433151245	 1.037143349647522
0.0	 0.0	 0.0	 1.0
33 	 34	 60
0.7722193002700806	 0.13281859457492828	 -0.6213184595108032	 0.43599164485931396
-0.20511484146118164	 0.9776592254638672	 -0.04593828693032265	 -0.20593440532684326
0.6013362407684326	 0.16291606426239014	 0.7822103500366211	 0.9555566310882568
0.0	 0.0	 0.0	 1.0
33 	 36	 60
0.8695614337921143	 0.15213298797607422	 -0.46980684995651245	 -0.2961362600326538
-0.1107325628399849	 0.9872065782546997	 0.1147235706448555	 -0.42881882190704346
0.4812496602535248	 -0.0477362759411335	 0.8752828240394592	 1.0155236721038818
0.0	 0.0	 0.0	 1.0
33 	 38	 60
0.9412485361099243	 -0.24683447182178497	 0.23048639297485352	 -1.1006042957305908
0.2333935797214508	 0.9687204360961914	 0.0843096524477005	 -0.581637978553772
-0.24408741295337677	 -0.025562290102243423	 0.9694162607192993	 1.139238953590393
0.0	 0.0	 0.0	 1.0
33 	 41	 60
0.5	 -0.45529648661613464	 0.7366852164268494	 -1.5418567657470703
0.45529648661613464	 0.861803412437439	 0.22360679507255554	 -0.2341073751449585
-0.7366852164268494	 0.22360679507255554	 0.638196587562561	 1.1738739013671875
0.0	 0.0	 0.0	 1.0
33 	 42	 60
0.1736481785774231	 -0.5177440643310547	 0.8377274870872498	 -2.4045534133911133
0.5177440643310547	 0.7716019749641418	 0.3695557713508606	 -0.23268604278564453
-0.8377274870872498	 0.3695557713508606	 0.40204620361328125	 0.9884313344955444
0.0	 0.0	 0.0	 1.0
33 	 47	 60
0.989006757736206	 -0.14771395921707153	 0.0067941793240606785	 0.09781241416931152
0.14771395921707153	 0.9848077297210693	 -0.09129224717617035	 0.059769272804260254
0.0067941793240606785	 0.09129224717617035	 0.9958009719848633	 0.9181891679763794
0.0	 0.0	 0.0	 1.0
33 	 48	 60
0.9454514384269714	 -0.1559332311153412	 0.28601810336112976	 -1.2067545652389526
0.18608692288398743	 0.9791643023490906	 -0.0812951922416687	 0.07831883430480957
-0.26738211512565613	 0.13008488714694977	 0.954769492149353	 0.45395320653915405
0.0	 0.0	 0.0	 1.0
34 	 35	 60
0.9687204360961914	 0.025562290102243423	 -0.24683447182178497	 -0.24766600131988525
-0.0843096524477005	 0.9694162607192993	 -0.23048639297485352	 -0.01868760585784912
0.2333935797214508	 0.24408741295337677	 0.9412485361099243	 0.058815836906433105
0.0	 0.0	 0.0	 1.0
34 	 36	 60
1.0	 0.0	 0.0	 -0.06999993324279785
0.0	 1.0	 0.0	 0.09000003337860107
0.0	 0.0	 1.0	 0.3780001401901245
0.0	 0.0	 0.0	 1.0
34 	 37	 60
0.9682546257972717	 -0.21868667006492615	 0.12107501178979874	 -0.12690341472625732
0.18338212370872498	 0.9506023526191711	 0.2504520118236542	 -0.3447089195251465
-0.1698646992444992	 -0.22029832005500793	 0.9605283141136169	 0.7252001762390137
0.0	 0.0	 0.0	 1.0
35 	 50	 60
0.7722193002700806	 -0.20511484146118164	 0.6013362407684326	 -1.604532241821289
0.13281859457492828	 0.9776592254638672	 0.16291606426239014	 0.1887195110321045
-0.6213184595108032	 -0.04593828693032265	 0.7822103500366211	 1.19805908203125
0.0	 0.0	 0.0	 1.0
36 	 37	 60
0.9605283141136169	 -0.1698646992444992	 0.22029832005500793	 -0.24276232719421387
0.12107501178979874	 0.9682546257972717	 0.21868667006492615	 -0.39012813568115234
-0.2504520118236542	 -0.18338212370872498	 0.9506023526191711	 0.3864518404006958
0.0	 0.0	 0.0	 1.0
36 	 48	 60
0.3593863248825073	 -0.14534933865070343	 0.921799898147583	 -2.033848285675049
0.34867629408836365	 0.937168538570404	 0.011832643300294876	 0.13488686084747314
-0.8656017184257507	 0.3171572983264923	 0.38748544454574585	 0.709383487701416
0.0	 0.0	 0.0	 1.0
36 	 49	 60
0.8100887537002563	 -0.07948527485132217	 0.580894410610199	 -1.9830816984176636
0.2546253204345703	 0.9401534199714661	 -0.22644522786140442	 0.34736883640289307
-0.528130829334259	 0.3313511610031128	 0.7818467020988464	 0.5215576887130737
0.0	 0.0	 0.0	 1.0
37 	 38	 60
0.8788188099861145	 -0.21650634706020355	 0.42520871758461	 -0.27465319633483887
0.28349363803863525	 0.9537129402160645	 -0.10031463205814362	 -0.02954709529876709
-0.38380828499794006	 0.20870235562324524	 0.8995190262794495	 0.03884434700012207
0.0	 0.0	 0.0	 1.0
37 	 49	 60
0.9305115938186646	 -0.015056530945003033	 0.36595287919044495	 -1.6714273691177368
0.14556550979614258	 0.9320573806762695	 -0.3317826986312866	 0.8117680549621582
-0.33609357476234436	 0.3619977533817291	 0.8694818615913391	 -0.17176640033721924
0.0	 0.0	 0.0	 1.0
38 	 39	 60
0.9510460495948792	 -0.06631509959697723	 0.30185049772262573	 0.2313532829284668
0.11146143823862076	 0.9845731854438782	 -0.13487768173217773	 0.15193390846252441
-0.28824949264526367	 0.16191957890987396	 0.9437659978866577	 0.04839158058166504
0.0	 0.0	 0.0	 1.0
39 	 40	 60
0.9848077297210693	 0.0	 0.1736481785774231	 0.13430213928222656
0.0	 1.0	 0.0	 0.04999995231628418
-0.1736481785774231	 0.0	 0.9848077297210693	 0.06329280138015747
0.0	 0.0	 0.0	 1.0
40 	 41	 60
0.9921202659606934	 -0.03529135137796402	 0.12021611630916595	 -0.37373805046081543
0.02049209550023079	 0.9922955632209778	 0.12218685448169708	 0.15597474575042725
-0.12360205501317978	 -0.11876057833433151	 0.9851996898651123	 -0.31095242500305176
0.0	 0.0	 0.0	 1.0
41 	 42	 60
0.9848077297210693	 -0.09129224717617035	 0.14771395921707153	 0.027026057243347168
0.09129224717617035	 0.9958009719848633	 0.0067941793240606785	 0.1773284673690796
-0.14771395921707153	 0.0067941793240606785	 0.989006757736206	 -0.3640236258506775
0.0	 0.0	 0.0	 1.0
41 	 46	 60
0.8100887537002563	 -0.07948527485132217	 0.580894410610199	 -0.5606553554534912
0.2546253204345703	 0.9401534199714661	 -0.22644522786140442	 0.4734753370285034
-0.528130829334259	 0.3313511610031128	 0.7818467020988464	 -0.2593044638633728
0.0	 0.0	 0.0	 1.0
41 	 47	 60
0.9985492825508118	 -0.03200891986489296	 -0.04329879209399223	 0.49339497089385986
0.024412794038653374	 0.9858574867248535	 -0.16579802334308624	 0.29915523529052734
0.047993455082178116	 0.16450044512748718	 0.9852087497711182	 -0.1925620436668396
0.0	 0.0	 0.0	 1.0
41 	 48	 60
0.8912473917007446	 0.07979899644851685	 -0.44644176959991455	 0.8405084609985352
-0.180092915892601	 0.9657288789749146	 -0.186907097697258	 0.3740643262863159
0.41622671484947205	 0.2469814568758011	 0.875074565410614	 -0.1965377926826477
0.0	 0.0	 0.0	 1.0
42 	 43	 60
0.9510460495948792	 -0.06631509959697723	 0.30185049772262573	 0.07644760608673096
0.11146143823862076	 0.9845731854438782	 -0.13487768173217773	 -0.04369628429412842
-0.28824949264526367	 0.16191957890987396	 0.9437659978866577	 -0.20436042547225952
0.0	 0.0	 0.0	 1.0
42 	 44	 60
0.9687204360961914	 -0.025562290102243423	 0.24683447182178497	 0.04730701446533203
0.0843096524477005	 0.9694162607192993	 -0.23048639297485352	 0.20379376411437988
-0.2333935797214508	 0.24408741295337677	 0.9412485361099243	 -0.18853610754013062
0.0	 0.0	 0.0	 1.0
42 	 45	 60
0.9305115938186646	 -0.015056530945003033	 0.36595287919044495	 -0.31095731258392334
0.14556550979614258	 0.9320573806762695	 -0.3317826986312866	 0.37249767780303955
-0.33609357476234436	 0.3619977533817291	 0.8694818615913391	 0.012729108333587646
0.0	 0.0	 0.0	 1.0
42 	 46	 60
0.9833314418792725	 0.026970280334353447	 0.17981062829494476	 0.042449951171875
0.026970280334353447	 0.9563611745834351	 -0.29093971848487854	 0.34434521198272705
-0.17981062829494476	 0.29093971848487854	 0.9396926164627075	 -0.15465742349624634
0.0	 0.0	 0.0	 1.0
42 	 47	 60
0.9958009719848633	 -0.0067941793240606785	 -0.09129224717617035	 0.2692902088165283
-0.0067941793240606785	 0.989006757736206	 -0.14771395921707153	 0.32129549980163574
0.09129224717617035	 0.14771395921707153	 0.9848077297210693	 -0.3714722990989685
0.0	 0.0	 0.0	 1.0
42 	 48	 60
-0.4886058270931244	 -0.16618533432483673	 0.8565318584442139	 -2.3346285820007324
-0.4471539855003357	 -0.7952754497528076	 -0.4093778431415558	 1.9074535369873047
0.7492113709449768	 -0.5830260515213013	 0.31426578760147095	 1.8669195175170898
0.0	 0.0	 0.0	 1.0
43 	 44	 60
0.9947512149810791	 -0.05980563163757324	 -0.08302602916955948	 0.03603041172027588
0.04751484468579292	 0.988605797290802	 -0.14283165335655212	 0.3810662031173706
0.09062214940786362	 0.13813699781894684	 0.9862585067749023	 0.017698466777801514
0.0	 0.0	 0.0	 1.0
43 	 45	 60
0.9947512149810791	 -0.04751484468579292	 0.09062214940786362	 -0.4133197069168091
0.05980563163757324	 0.988605797290802	 -0.13813699781894684	 0.3061704635620117
-0.08302602916955948	 0.14283165335655212	 0.9862585067749023	 0.09122473001480103
0.0	 0.0	 0.0	 1.0
43 	 46	 60
0.9921202659606934	 0.02049209550023079	 -0.12360205501317978	 -0.010159134864807129
-0.03529135137796402	 0.9922955632209778	 -0.11876057833433151	 0.30116695165634155
0.12021611630916595	 0.12218685448169708	 0.9851996898651123	 0.04389995336532593
0.0	 0.0	 0.0	 1.0
43 	 47	 60
0.9852087497711182	 -0.047993455082178116	 -0.16450044512748718	 -0.42823827266693115
0.04329879209399223	 0.9985492825508118	 -0.03200891986489296	 0.39312875270843506
0.16579802334308624	 0.024412794038653374	 0.9858574867248535	 -0.12051993608474731
0.0	 0.0	 0.0	 1.0
44 	 45	 60
0.9852087497711182	 -0.04329879209399223	 0.16579802334308624	 -0.41615569591522217
0.047993455082178116	 0.9985492825508118	 -0.024412794038653374	 -0.0169522762298584
-0.16450044512748718	 0.03200891986489296	 0.9858574867248535	 0.03876352310180664
0.0	 0.0	 0.0	 1.0
44 	 46	 60
0.9848077297210693	 0.09129224717617035	 -0.14771395921707153	 0.2378607988357544
-0.09129224717617035	 0.9958009719848633	 0.0067941793240606785	 -0.02187556028366089
0.14771395921707153	 0.0067941793240606785	 0.989006757736206	 0.05304670333862305
0.0	 0.0	 0.0	 1.0
44 	 47	 60
0.9876678586006165	 -0.05081624537706375	 0.14808766543865204	 -1.066951870918274
0.03944326937198639	 0.9961137771606445	 0.07875006645917892	 0.06219211220741272
-0.1515139490365982	 -0.07193785160779953	 0.9858338832855225	 0.09010028839111328
0.0	 0.0	 0.0	 1.0
45 	 46	 60
0.9848077297210693	 0.09129224717617035	 -0.14771395921707153	 0.2378607988357544
-0.09129224717617035	 0.9958009719848633	 0.0067941793240606785	 0.04012453556060791
0.14771395921707153	 0.0067941793240606785	 0.989006757736206	 0.005046844482421875
0.0	 0.0	 0.0	 1.0
45 	 47	 60
0.990056574344635	 -0.08000237494707108	 0.11570504307746887	 -0.9834517240524292
0.06771159172058105	 0.9920029044151306	 0.10651468485593796	 0.08268630504608154
-0.12330117076635361	 -0.09762098640203476	 0.9875560402870178	 -0.03387176990509033
0.0	 0.0	 0.0	 1.0
46 	 47	 60
0.9441960453987122	 0.015852732583880424	 -0.3290022909641266	 0.39103710651397705
0.015852732583880424	 0.9954965710639954	 0.09346266090869904	 0.06056720018386841
0.3290022909641266	 -0.09346266090869904	 0.9396926164627075	 -0.1847590208053589
0.0	 0.0	 0.0	 1.0
47 	 48	 60
0.8695614337921143	 0.1107325628399849	 -0.4812496602535248	 0.14873778820037842
-0.15213298797607422	 0.9872065782546997	 -0.0477362759411335	 0.21339213848114014
0.46980684995651245	 0.1147235706448555	 0.8752828240394592	 -0.10811424255371094
0.0	 0.0	 0.0	 1.0
48 	 49	 60
0.8695614337921143	 0.15213298797607422	 -0.46980684995651245	 0.047240376472473145
-0.1107325628399849	 0.9872065782546997	 0.1147235706448555	 -0.13805794715881348
0.4812496602535248	 -0.0477362759411335	 0.8752828240394592	 -0.11114633083343506
0.0	 0.0	 0.0	 1.0
49 	 50	 60
0.9454514384269714	 0.18608692288398743	 -0.26738211512565613	 0.15205776691436768
-0.1559332311153412	 0.9791643023490906	 0.13008488714694977	 -0.1504974365234375
0.28601810336112976	 -0.0812951922416687	 0.954769492149353	 -0.1089370846748352
0.0	 0.0	 0.0	 1.0
49 	 51	 60
0.9412842988967896	 0.0992233157157898	 -0.32270506024360657	 -0.08651435375213623
-0.08058731257915497	 0.9942411780357361	 0.07064138352870941	 -0.3701232671737671
0.3278559148311615	 -0.04048769548535347	 0.9438597559928894	 -0.01450890302658081
0.0	 0.0	 0.0	 1.0
50 	 51	 60
0.9876678586006165	 -0.05081624537706375	 -0.14808766543865204	 0.04436415433883667
0.03944326937198639	 0.9961137771606445	 -0.07875006645917892	 -0.23621833324432373
0.1515139490365982	 0.07193785160779953	 0.9858338832855225	 0.15409934520721436
0.0	 0.0	 0.0	 1.0
51 	 55	 60
0.8695614337921143	 0.15213298797607422	 -0.46980684995651245	 1.4189491271972656
-0.1107325628399849	 0.9872065782546997	 0.1147235706448555	 -0.05197608470916748
0.4812496602535248	 -0.0477362759411335	 0.8752828240394592	 0.7212738990783691
0.0	 0.0	 0.0	 1.0
52 	 53	 60
0.8660253882408142	 0.2628655433654785	 -0.4253253936767578	 0.7544273138046265
-0.2628655433654785	 0.9629703164100647	 0.05991525948047638	 0.13962674140930176
0.4253253936767578	 0.05991525948047638	 0.9030550718307495	 0.09109091758728027
0.0	 0.0	 0.0	 1.0
52 	 54	 60
0.8695614337921143	 0.1107325628399849	 -0.4812496602535248	 0.901646614074707
-0.15213298797607422	 0.9872065782546997	 -0.0477362759411335	 0.10638785362243652
0.46980684995651245	 0.1147235706448555	 0.8752828240394592	 -0.23063719272613525
0.0	 0.0	 0.0	 1.0
52 	 55	 60
0.9852087497711182	 0.04329879209399223	 -0.16579802334308624	 1.1089897155761719
-0.047993455082178116	 0.9985492825508118	 -0.024412794038653374	 0.16685354709625244
0.16450044512748718	 0.03200891986489296	 0.9858574867248535	 -0.2342088222503662
0.0	 0.0	 0.0	 1.0
53 	 54	 60
0.9876678586006165	 0.03944326937198639	 -0.1515139490365982	 0.3343607187271118
-0.05081624537706375	 0.9961137771606445	 -0.07193785160779953	 -0.01354759931564331
0.14808766543865204	 0.07875006645917892	 0.9858338832855225	 -0.3199722170829773
0.0	 0.0	 0.0	 1.0
53 	 55	 60
0.9862585067749023	 -0.08302602916955948	 0.14283165335655212	 0.574278712272644
0.09062214940786362	 0.9947512149810791	 -0.04751484468579292	 0.2104840874671936
-0.13813699781894684	 0.05980563163757324	 0.988605797290802	 -0.38087278604507446
0.0	 0.0	 0.0	 1.0
53 	 56	 60
0.8788188099861145	 0.28349363803863525	 -0.38380828499794006	 0.39591336250305176
-0.21650634706020355	 0.9537129402160645	 0.20870235562324524	 0.37618666887283325
0.42520871758461	 -0.10031463205814362	 0.8995190262794495	 -0.3222939372062683
0.0	 0.0	 0.0	 1.0
53 	 58	 60
0.6522156000137329	 0.146174356341362	 -0.7438063621520996	 0.5890600681304932
-0.2565590441226959	 0.9658892750740051	 -0.035148367285728455	 0.10001486539840698
0.7132967710494995	 0.2137545645236969	 0.667470395565033	 -0.4734113812446594
0.0	 0.0	 0.0	 1.0
54 	 55	 60
0.9412842988967896	 -0.0992233157157898	 0.32270506024360657	 0.1770763397216797
0.08058731257915497	 0.9942411780357361	 0.07064138352870941	 0.13760459423065186
-0.3278559148311615	 -0.04048769548535347	 0.9438597559928894	 -0.10132467746734619
0.0	 0.0	 0.0	 1.0
56 	 57	 60
0.9629703164100647	 -0.05991525948047638	 -0.2628655433654785	 0.002876877784729004
-0.05991525948047638	 0.9030550718307495	 -0.4253253936767578	 0.20712995529174805
0.2628655433654785	 0.4253253936767578	 0.8660253882408142	 -0.07448989152908325
0.0	 0.0	 0.0	 1.0
56 	 58	 60
0.9537129402160645	 0.10031463205814362	 -0.28349363803863525	 -0.06173264980316162
-0.20870235562324524	 0.8995190262794495	 -0.38380828499794006	 -0.06299185752868652
0.21650634706020355	 0.42520871758461	 0.8788188099861145	 -0.22756946086883545
0.0	 0.0	 0.0	 1.0
56 	 59	 60
0.7883852124214172	 0.26290491223335266	 -0.5561742186546326	 0.17457759380340576
-0.37988269329071045	 0.9191703200340271	 -0.10399528592824936	 -0.0031059980392456055
0.4838779866695404	 0.2932693064212799	 0.8245333433151245	 0.29397517442703247
0.0	 0.0	 0.0	 1.0
57 	 58	 60
1.0	 0.0	 0.0	 0.0
0.0	 1.0	 0.0	 0.0820000171661377
0.0	 0.0	 1.0	 0.024000048637390137
0.0	 0.0	 0.0	 1.0
58 	 59	 60
0.9123125076293945	 0.2668565511703491	 -0.3106018304824829	 0.3458768129348755
-0.1584688425064087	 0.9294766783714294	 0.33310768008232117	 0.13354802131652832
0.3775891363620758	 -0.25467756390571594	 0.8902616500854492	 0.39877498149871826
0.0	 0.0	 0.0	 1.0
