1 	 2	 60
0.8695614337921143	 -0.15213298797607422	 0.46980684995651245	 -0.17456024885177612
0.1107325628399849	 0.9872065782546997	 0.1147235706448555	 -0.11674332618713379
-0.4812496602535248	 -0.0477362759411335	 0.8752828240394592	 0.2657865285873413
0.0	 0.0	 0.0	 1.0
2 	 5	 60
0.6522156000137329	 -0.2565590441226959	 0.7132967710494995	 -1.216635823249817
0.146174356341362	 0.9658892750740051	 0.2137545645236969	 -0.25399911403656006
-0.7438063621520996	 -0.035148367285728455	 0.667470395565033	 0.35681402683258057
0.0	 0.0	 0.0	 1.0
2 	 7	 60
0.8695614337921143	 -0.1107325628399849	 0.4812496602535248	 -0.8438687324523926
0.15213298797607422	 0.9872065782546997	 -0.0477362759411335	 0.010403156280517578
-0.46980684995651245	 0.1147235706448555	 0.8752828240394592	 0.35604000091552734
0.0	 0.0	 0.0	 1.0
3 	 4	 60
0.9441960453987122	 -0.015852732583880424	 0.3290022909641266	 -0.5037686228752136
-0.015852732583880424	 0.9954965710639954	 0.09346266090869904	 0.07797074317932129
-0.3290022909641266	 -0.09346266090869904	 0.9396926164627075	 -0.32627904415130615
0.0	 0.0	 0.0	 1.0
3 	 5	 60
0.9852087497711182	 0.04329879209399223	 0.16579802334308624	 -0.34726500511169434
-0.047993455082178116	 0.9985492825508118	 0.024412794038653374	 -0.006572246551513672
-0.16450044512748718	 -0.03200891986489296	 0.9858574867248535	 -0.167016863822937
0.0	 0.0	 0.0	 1.0
3 	 6	 60
0.9833314418792725	 0.026970280334353447	 0.17981062829494476	 -0.5374757051467896
0.026970280334353447	 0.9563611745834351	 -0.29093971848487854	 0.08994507789611816
-0.17981062829494476	 0.29093971848487854	 0.9396926164627075	 0.033544301986694336
0.0	 0.0	 0.0	 1.0
3 	 7	 60
1.0	 0.0	 0.0	 -0.406000018119812
0.0	 1.0	 0.0	 -0.16399991512298584
0.0	 0.0	 1.0	 0.009999990463256836
0.0	 0.0	 0.0	 1.0
3 	 38	 60
0.3420201539993286	 -0.49402564764022827	 0.7993502616882324	 -2.265331268310547
0.49402564764022827	 0.818138837814331	 0.2942575514316559	 -0.49691230058670044
-0.7993502616882324	 0.2942575514316559	 0.5238813161849976	 1.5900942087173462
0.0	 0.0	 0.0	 1.0
3 	 39	 60
0.19545824825763702	 -0.3865504264831543	 0.901318371295929	 -2.141571044921875
0.13119365274906158	 0.9210904240608215	 0.36657968163490295	 -0.8331365585327148
-0.9718972444534302	 0.046596236526966095	 0.23074768483638763	 1.3679989576339722
0.0	 0.0	 0.0	 1.0
3 	 40	 60
0.19545824825763702	 -0.3865504264831543	 0.901318371295929	 -1.8986610174179077
0.13119365274906158	 0.9210904240608215	 0.36657968163490295	 -0.49485671520233154
-0.9718972444534302	 0.046596236526966095	 0.23074768483638763	 1.564368486404419
0.0	 0.0	 0.0	 1.0
3 	 41	 60
-0.1426718384027481	 -0.44021064043045044	 0.8864870667457581	 -1.7196083068847656
0.07753342390060425	 0.8879265785217285	 0.4534037709236145	 -0.6593510508537292
-0.9867286086082458	 0.13342033326625824	 -0.0925510823726654	 1.8860738277435303
0.0	 0.0	 0.0	 1.0
3 	 46	 60
0.02639320306479931	 -0.10835705697536469	 0.9937615990638733	 -2.4576869010925293
0.41737404465675354	 0.9045084714889526	 0.0875401496887207	 -0.4681340456008911
-0.9083514213562012	 0.4124598503112793	 0.06909830123186111	 1.748044729232788
0.0	 0.0	 0.0	 1.0
3 	 47	 60
-0.1426718384027481	 -0.44021064043045044	 0.8864870667457581	 -1.7588815689086914
0.07753342390060425	 0.8879265785217285	 0.4534037709236145	 -0.648526132106781
-0.9867286086082458	 0.13342033326625824	 -0.0925510823726654	 1.8820207118988037
0.0	 0.0	 0.0	 1.0
4 	 5	 60
0.9958009719848633	 -0.0067941793240606785	 -0.09129224717617035	 -0.12201118469238281
-0.0067941793240606785	 0.989006757736206	 -0.14771395921707153	 0.09617328643798828
0.09129224717617035	 0.14771395921707153	 0.9848077297210693	 0.2110375165939331
0.0	 0.0	 0.0	 1.0
4 	 6	 60
0.9833314418792725	 -0.026970280334353447	 -0.17981062829494476	 -0.06831836700439453
-0.026970280334353447	 0.9563611745834351	 -0.29093971848487854	 -0.2663860321044922
0.17981062829494476	 0.29093971848487854	 0.9396926164627075	 0.3341609239578247
0.0	 0.0	 0.0	 1.0
4 	 7	 60
0.9441960453987122	 -0.015852732583880424	 -0.3290022909641266	 -0.029314875602722168
-0.015852732583880424	 0.9954965710639954	 -0.09346266090869904	 -0.21173322200775146
0.3290022909641266	 0.09346266090869904	 0.9396926164627075	 0.36152589321136475
0.0	 0.0	 0.0	 1.0
4 	 38	 60
0.6768983602523804	 -0.47232532501220703	 0.5645506381988525	 -2.2059624195098877
0.2937191128730774	 0.8765861392021179	 0.3812161982059479	 -0.7859563827514648
-0.6749353408813477	 -0.09222530573606491	 0.7320907115936279	 1.1147722005844116
0.0	 0.0	 0.0	 1.0
4 	 39	 60
0.3420201539993286	 -0.49402564764022827	 0.7993502616882324	 -2.200396776199341
0.49402564764022827	 0.818138837814331	 0.2942575514316559	 -0.9596505761146545
-0.7993502616882324	 0.2942575514316559	 0.5238813161849976	 1.0926458835601807
0.0	 0.0	 0.0	 1.0
4 	 40	 60
0.3420201539993286	 -0.49402564764022827	 0.7993502616882324	 -2.0642895698547363
0.49402564764022827	 0.818138837814331	 0.2942575514316559	 -0.7342023849487305
-0.7993502616882324	 0.2942575514316559	 0.5238813161849976	 1.4230759143829346
0.0	 0.0	 0.0	 1.0
4 	 46	 60
0.3593863248825073	 -0.14534933865070343	 0.921799898147583	 -2.6360788345336914
0.34867629408836365	 0.937168538570404	 0.011832643300294876	 -0.443817138671875
-0.8656017184257507	 0.3171572983264923	 0.38748544454574585	 1.264812707901001
0.0	 0.0	 0.0	 1.0
5 	 6	 60
1.0	 0.0	 0.0	 -0.13999998569488525
0.0	 0.9848077297210693	 -0.1736481785774231	 -0.29398441314697266
0.0	 0.1736481785774231	 0.9848077297210693	 0.10769236087799072
0.0	 0.0	 0.0	 1.0
5 	 7	 60
0.9441960453987122	 -0.015852732583880424	 -0.3290022909641266	 0.2506852149963379
-0.015852732583880424	 0.9954965710639954	 -0.09346266090869904	 -0.009733200073242188
0.3290022909641266	 0.09346266090869904	 0.9396926164627075	 0.21152591705322266
0.0	 0.0	 0.0	 1.0
5 	 38	 60
0.6768983602523804	 -0.47232532501220703	 0.5645506381988525	 -1.995962381362915
0.2937191128730774	 0.8765861392021179	 0.3812161982059479	 -0.5839564204216003
-0.6749353408813477	 -0.09222530573606491	 0.7320907115936279	 0.9647722244262695
0.0	 0.0	 0.0	 1.0
5 	 39	 60
0.1736481785774231	 -0.5177440643310547	 0.8377274870872498	 -2.0858960151672363
0.5177440643310547	 0.7716019749641418	 0.3695557713508606	 -0.9727128744125366
-0.8377274870872498	 0.3695557713508606	 0.40204620361328125	 1.3488423824310303
0.0	 0.0	 0.0	 1.0
5 	 40	 60
0.3593863248825073	 -0.34867629408836365	 0.8656017184257507	 -1.8496907949447632
0.14534933865070343	 0.937168538570404	 0.3171572983264923	 -0.4005396366119385
-0.921799898147583	 0.011832643300294876	 0.38748544454574585	 1.4091362953186035
0.0	 0.0	 0.0	 1.0
5 	 46	 60
0.3593863248825073	 -0.14534933865070343	 0.921799898147583	 -2.286078929901123
0.34867629408836365	 0.937168538570404	 0.011832643300294876	 -0.381817102432251
-0.8656017184257507	 0.3171572983264923	 0.38748544454574585	 1.1848127841949463
0.0	 0.0	 0.0	 1.0
6 	 7	 60
0.9687204360961914	 -0.025562290102243423	 -0.24683447182178497	 0.22908663749694824
0.0843096524477005	 0.9694162607192993	 0.23048639297485352	 -0.1303107738494873
0.2333935797214508	 -0.24408741295337677	 0.9412485361099243	 0.04894530773162842
0.0	 0.0	 0.0	 1.0
6 	 46	 60
0.19545824825763702	 -0.3865504264831543	 0.901318371295929	 -2.181807518005371
0.13119365274906158	 0.9210904240608215	 0.36657968163490295	 -0.6026357412338257
-0.9718972444534302	 0.046596236526966095	 0.23074768483638763	 1.4064598083496094
0.0	 0.0	 0.0	 1.0
7 	 38	 60
0.40485161542892456	 -0.634341299533844	 0.6585637927055359	 -1.8713265657424927
0.3053513467311859	 0.7726735472679138	 0.5565394163131714	 -0.691195547580719
-0.8618907928466797	 -0.024222547188401222	 0.5065150856971741	 1.4168894290924072
0.0	 0.0	 0.0	 1.0
7 	 46	 60
0.02639320306479931	 -0.41737404465675354	 0.9083514213562012	 -1.9380123615264893
0.10835705697536469	 0.9045084714889526	 0.4124598503112793	 -1.0365033149719238
-0.9937615990638733	 0.0875401496887207	 0.06909830123186111	 1.7209645509719849
0.0	 0.0	 0.0	 1.0
8 	 9	 60
0.8695614337921143	 0.1107325628399849	 -0.4812496602535248	 0.6463871002197266
-0.15213298797607422	 0.9872065782546997	 -0.0477362759411335	 -0.03937399387359619
0.46980684995651245	 0.1147235706448555	 0.8752828240394592	 0.619438111782074
0.0	 0.0	 0.0	 1.0
8 	 35	 60
0.9922955632209778	 -0.11876057833433151	 -0.03529135137796402	 -1.0566667318344116
0.12218685448169708	 0.9851996898651123	 0.12021611630916595	 -0.2763199806213379
0.02049209550023079	 -0.12360205501317978	 0.9921202659606934	 -0.1445816159248352
0.0	 0.0	 0.0	 1.0
8 	 36	 60
0.8694818615913391	 -0.36595287919044495	 0.3317826986312866	 -1.00640070438385
0.33609357476234436	 0.9305115938186646	 0.14556550979614258	 -0.5816465616226196
-0.3619977533817291	 -0.015056530945003033	 0.9320573806762695	 0.36570167541503906
0.0	 0.0	 0.0	 1.0
8 	 37	 60
0.7883852124214172	 -0.37988269329071045	 0.4838779866695404	 -1.4989702701568604
0.26290491223335266	 0.9191703200340271	 0.2932693064212799	 -0.5312193632125854
-0.5561742186546326	 -0.10399528592824936	 0.8245333433151245	 1.0927196741104126
0.0	 0.0	 0.0	 1.0
8 	 38	 60
-0.1736481785774231	 -0.5177440643310547	 0.8377274870872498	 -1.078792691230774
0.5177440643310547	 0.6756116151809692	 0.5248714089393616	 -0.7677091360092163
-0.8377274870872498	 0.5248714089393616	 0.15074020624160767	 1.4582340717315674
0.0	 0.0	 0.0	 1.0
9 	 10	 60
0.8695614337921143	 0.1107325628399849	 -0.4812496602535248	 0.2700796127319336
-0.15213298797607422	 0.9872065782546997	 -0.0477362759411335	 -0.20625251531600952
0.46980684995651245	 0.1147235706448555	 0.8752828240394592	 0.3554157018661499
0.0	 0.0	 0.0	 1.0
9 	 11	 60
0.8100887537002563	 0.07948527485132217	 -0.580894410610199	 0.4467047452926636
-0.2546253204345703	 0.9401534199714661	 -0.22644522786140442	 0.09636902809143066
0.528130829334259	 0.3313511610031128	 0.7818467020988464	 0.44550448656082153
0.0	 0.0	 0.0	 1.0
9 	 35	 60
0.8788188099861145	 -0.28349363803863525	 0.38380828499794006	 -1.868106722831726
0.21650634706020355	 0.9537129402160645	 0.20870235562324524	 -0.5491465330123901
-0.42520871758461	 -0.10031463205814362	 0.8995190262794495	 0.19259697198867798
0.0	 0.0	 0.0	 1.0
9 	 36	 60
0.5	 -0.45529648661613464	 0.7366852164268494	 -1.5503277778625488
0.45529648661613464	 0.861803412437439	 0.22360679507255554	 -0.639692485332489
-0.7366852164268494	 0.22360679507255554	 0.638196587562561	 0.5963829159736633
0.0	 0.0	 0.0	 1.0
9 	 37	 60
0.358995646238327	 -0.7330307960510254	 0.5777438879013062	 -1.430512547492981
0.5863849520683289	 0.6587264537811279	 0.47141504287719727	 -1.0162711143493652
-0.7261369228363037	 0.16954435408115387	 0.6663181781768799	 1.188815951347351
0.0	 0.0	 0.0	 1.0
10 	 11	 60
0.9942411780357361	 -0.07064138352870941	 -0.08058731257915497	 0.16743087768554688
0.04048769548535347	 0.9438597559928894	 -0.3278559148311615	 -0.05388689041137695
0.0992233157157898	 0.32270506024360657	 0.9412842988967896	 -0.02322065830230713
0.0	 0.0	 0.0	 1.0
10 	 12	 60
0.9305115938186646	 -0.14556550979614258	 -0.33609357476234436	 0.18419694900512695
0.015056530945003033	 0.9320573806762695	 -0.3619977533817291	 0.05819237232208252
0.36595287919044495	 0.3317826986312866	 0.8694818615913391	 0.4052976965904236
0.0	 0.0	 0.0	 1.0
11 	 12	 60
0.9441960453987122	 0.015852732583880424	 -0.3290022909641266	 0.1552422046661377
0.015852732583880424	 0.9954965710639954	 0.09346266090869904	 0.020043253898620605
0.3290022909641266	 -0.09346266090869904	 0.9396926164627075	 0.4178663492202759
0.0	 0.0	 0.0	 1.0
13 	 14	 60
0.9412842988967896	 0.0992233157157898	 -0.32270506024360657	 -0.10112345218658447
-0.08058731257915497	 0.9942411780357361	 0.07064138352870941	 -0.14139091968536377
0.3278559148311615	 -0.04048769548535347	 0.9438597559928894	 0.33446669578552246
0.0	 0.0	 0.0	 1.0
13 	 15	 60
0.8912473917007446	 0.180092915892601	 -0.41622671484947205	 0.034148335456848145
-0.07979899644851685	 0.9657288789749146	 0.2469814568758011	 -0.03636825084686279
0.44644176959991455	 -0.186907097697258	 0.875074565410614	 0.5276724100112915
0.0	 0.0	 0.0	 1.0
13 	 16	 60
0.8912473917007446	 0.180092915892601	 -0.41622671484947205	 -0.24127769470214844
-0.07979899644851685	 0.9657288789749146	 0.2469814568758011	 -0.16415977478027344
0.44644176959991455	 -0.186907097697258	 0.875074565410614	 0.903045654296875
0.0	 0.0	 0.0	 1.0
14 	 15	 60
0.99886554479599	 0.047452233731746674	 0.003993518650531769	 -0.025849223136901855
-0.047452233731746674	 0.9848077297210693	 0.16703884303569794	 0.04995465278625488
0.003993518650531769	 -0.16703884303569794	 0.9859422445297241	 0.10177993774414062
0.0	 0.0	 0.0	 1.0
14 	 16	 60
0.9985492825508118	 -0.024412794038653374	 -0.047993455082178116	 -0.07150828838348389
0.03200891986489296	 0.9858574867248535	 0.16450044512748718	 -0.08548498153686523
0.04329879209399223	 -0.16579802334308624	 0.9852087497711182	 0.5420925617218018
0.0	 0.0	 0.0	 1.0
15 	 16	 60
1.0	 0.0	 0.0	 -0.09399998188018799
0.0	 1.0	 0.0	 -0.27000004053115845
0.0	 0.0	 1.0	 0.41799992322921753
0.0	 0.0	 0.0	 1.0
16 	 24	 60
0.9191703200340271	 0.2932693064212799	 -0.26290491223335266	 -0.17415183782577515
-0.10399528592824936	 0.8245333433151245	 0.5561742186546326	 -0.5506387948989868
0.37988269329071045	 -0.4838779866695404	 0.7883852124214172	 1.4100852012634277
0.0	 0.0	 0.0	 1.0
16 	 55	 60
0.6522156000137329	 -0.146174356341362	 0.7438063621520996	 -1.9437618255615234
0.2565590441226959	 0.9658892750740051	 -0.035148367285728455	 -0.0795515775680542
-0.7132967710494995	 0.2137545645236969	 0.667470395565033	 0.3626760244369507
0.0	 0.0	 0.0	 1.0
16 	 56	 60
0.8100887537002563	 -0.07948527485132217	 0.580894410610199	 -1.5842039585113525
0.2546253204345703	 0.9401534199714661	 -0.22644522786140442	 -0.27860045433044434
-0.528130829334259	 0.3313511610031128	 0.7818467020988464	 -0.11841893196105957
0.0	 0.0	 0.0	 1.0
16 	 57	 60
0.8100887537002563	 -0.07948527485132217	 0.580894410610199	 -2.2217161655426025
0.2546253204345703	 0.9401534199714661	 -0.22644522786140442	 -0.23970329761505127
-0.528130829334259	 0.3313511610031128	 0.7818467020988464	 -0.10160303115844727
0.0	 0.0	 0.0	 1.0
17 	 18	 60
1.0	 0.0	 0.0	 -0.3539999723434448
0.0	 1.0	 0.0	 -0.16399997472763062
0.0	 0.0	 1.0	 0.2700001001358032
0.0	 0.0	 0.0	 1.0
17 	 19	 60
0.9947512149810791	 0.05980563163757324	 0.08302602916955948	 -0.6539839506149292
-0.04751484468579292	 0.988605797290802	 -0.14283165335655212	 -0.14586615562438965
-0.09062214940786362	 0.13813699781894684	 0.9862585067749023	 0.5273349285125732
0.0	 0.0	 0.0	 1.0
17 	 20	 60
0.8788188099861145	 -0.28349363803863525	 0.38380828499794006	 -0.5191476345062256
0.21650634706020355	 0.9537129402160645	 0.20870235562324524	 -0.2485164999961853
-0.42520871758461	 -0.10031463205814362	 0.8995190262794495	 0.4618300199508667
0.0	 0.0	 0.0	 1.0
17 	 21	 60
0.8100887537002563	 -0.2546253204345703	 0.528130829334259	 -0.5346545577049255
0.07948527485132217	 0.9401534199714661	 0.3313511610031128	 -0.2409622073173523
-0.580894410610199	 -0.22644522786140442	 0.7818467020988464	 0.5060388445854187
0.0	 0.0	 0.0	 1.0
17 	 22	 60
0.7883852124214172	 -0.37988269329071045	 0.4838779866695404	 -0.6106188893318176
0.26290491223335266	 0.9191703200340271	 0.2932693064212799	 -0.22992214560508728
-0.5561742186546326	 -0.10399528592824936	 0.8245333433151245	 0.6309145092964172
0.0	 0.0	 0.0	 1.0
17 	 54	 60
0.9687204360961914	 -0.0843096524477005	 0.2333935797214508	 -1.410632610321045
0.025562290102243423	 0.9694162607192993	 0.24408741295337677	 0.3374572992324829
-0.24683447182178497	 -0.23048639297485352	 0.9412485361099243	 -1.019545316696167
0.0	 0.0	 0.0	 1.0
17 	 55	 60
0.9441960453987122	 0.015852732583880424	 0.3290022909641266	 -1.4982255697250366
0.015852732583880424	 0.9954965710639954	 -0.09346266090869904	 0.29350781440734863
-0.3290022909641266	 0.09346266090869904	 0.9396926164627075	 -1.0679888725280762
0.0	 0.0	 0.0	 1.0
17 	 56	 60
0.9833314418792725	 0.026970280334353447	 0.17981062829494476	 -1.3086023330688477
0.026970280334353447	 0.9563611745834351	 -0.29093971848487854	 0.1093834638595581
-0.17981062829494476	 0.29093971848487854	 0.9396926164627075	 -1.2238259315490723
0.0	 0.0	 0.0	 1.0
17 	 57	 60
0.9833314418792725	 0.026970280334353447	 0.17981062829494476	 -1.797163724899292
0.026970280334353447	 0.9563611745834351	 -0.29093971848487854	 0.2727469205856323
-0.17981062829494476	 0.29093971848487854	 0.9396926164627075	 -1.4754860401153564
0.0	 0.0	 0.0	 1.0
17 	 58	 60
0.7835149765014648	 0.06149885803461075	 0.6183220744132996	 -2.4749348163604736
0.06149885803461075	 0.9825294613838196	 -0.17565234005451202	 0.07869446277618408
-0.6183220744132996	 0.17565234005451202	 0.7660444378852844	 -1.3128259181976318
0.0	 0.0	 0.0	 1.0
18 	 19	 60
0.9859422445297241	 -0.003993518650531769	 0.16703884303569794	 -0.3569410741329193
-0.003993518650531769	 0.99886554479599	 0.047452233731746674	 -0.15242838859558105
-0.16703884303569794	 -0.047452233731746674	 0.9848077297210693	 0.2444992959499359
0.0	 0.0	 0.0	 1.0
18 	 20	 60
0.7320907115936279	 -0.6749353408813477	 0.09222530573606491	 -0.23863697052001953
0.5645506381988525	 0.6768983602523804	 0.47232532501220703	 -0.32676079869270325
-0.3812161982059479	 -0.2937191128730774	 0.8765861392021179	 0.37304574251174927
0.0	 0.0	 0.0	 1.0
18 	 21	 60
0.7074079513549805	 -0.616487979888916	 0.34571173787117004	 -0.31276828050613403
0.4378817677497864	 0.7662014365196228	 0.4703136086463928	 -0.36375999450683594
-0.5548275113105774	 -0.18132270872592926	 0.811965823173523	 0.4131775200366974
0.0	 0.0	 0.0	 1.0
18 	 22	 60
0.7883852124214172	 -0.37988269329071045	 0.4838779866695404	 -0.256618857383728
0.26290491223335266	 0.9191703200340271	 0.2932693064212799	 -0.06592217087745667
-0.5561742186546326	 -0.10399528592824936	 0.8245333433151245	 0.36091452836990356
0.0	 0.0	 0.0	 1.0
18 	 23	 60
0.9791643023490906	 -0.13008488714694977	 0.1559332311153412	 -0.3471835255622864
0.0812951922416687	 0.954769492149353	 0.28601810336112976	 -0.19210106134414673
-0.18608692288398743	 -0.26738211512565613	 0.9454514384269714	 0.47675174474716187
0.0	 0.0	 0.0	 1.0
18 	 54	 60
0.9123125076293945	 -0.2668565511703491	 0.3106018304824829	 -1.4194750785827637
0.1584688425064087	 0.9294766783714294	 0.33310768008232117	 0.21176189184188843
-0.3775891363620758	 -0.25467756390571594	 0.8902616500854492	 -1.1486896276474
0.0	 0.0	 0.0	 1.0
18 	 55	 60
0.9510460495948792	 -0.06631509959697723	 0.30185049772262573	 -1.0869617462158203
0.11146143823862076	 0.9845731854438782	 -0.13487768173217773	 0.5355721712112427
-0.28824949264526367	 0.16191957890987396	 0.9437659978866577	 -1.3377777338027954
0.0	 0.0	 0.0	 1.0
18 	 56	 60
0.9687204360961914	 -0.025562290102243423	 0.24683447182178497	 -1.0903393030166626
0.0843096524477005	 0.9694162607192993	 -0.23048639297485352	 0.0896332859992981
-0.2333935797214508	 0.24408741295337677	 0.9412485361099243	 -1.4890625476837158
0.0	 0.0	 0.0	 1.0
18 	 57	 60
0.9605283141136169	 -0.12107501178979874	 0.2504520118236542	 -1.5935373306274414
0.1698646992444992	 0.9682546257972717	 -0.18338212370872498	 0.013018906116485596
-0.22029832005500793	 0.21868667006492615	 0.9506023526191711	 -1.7403898239135742
0.0	 0.0	 0.0	 1.0
18 	 58	 60
0.7722193002700806	 -0.13281859457492828	 0.6213184595108032	 -2.095612049102783
0.20511484146118164	 0.9776592254638672	 -0.04593828693032265	 -0.21732431650161743
-0.6013362407684326	 0.16291606426239014	 0.7822103500366211	 -1.6231632232666016
0.0	 0.0	 0.0	 1.0
19 	 20	 60
0.7320907115936279	 -0.6749353408813477	 0.09222530573606491	 -0.05263698101043701
0.5645506381988525	 0.6768983602523804	 0.47232532501220703	 -0.22276082634925842
-0.3812161982059479	 -0.2937191128730774	 0.8765861392021179	 0.16904568672180176
0.0	 0.0	 0.0	 1.0
19 	 22	 60
0.8100887537002563	 -0.2546253204345703	 0.528130829334259	 -0.04972994327545166
0.07948527485132217	 0.9401534199714661	 0.3313511610031128	 -0.04930680990219116
-0.580894410610199	 -0.22644522786140442	 0.7818467020988464	 0.1396421194076538
0.0	 0.0	 0.0	 1.0
19 	 23	 60
0.9872065782546997	 -0.1147235706448555	 0.1107325628399849	 -0.12555694580078125
0.0477362759411335	 0.8752828240394592	 0.4812496602535248	 -0.18481919169425964
-0.15213298797607422	 -0.46980684995651245	 0.8695614337921143	 0.2918803095817566
0.0	 0.0	 0.0	 1.0
19 	 54	 60
0.9687204360961914	 -0.0843096524477005	 0.2333935797214508	 -0.8006325960159302
0.025562290102243423	 0.9694162607192993	 0.24408741295337677	 0.6054573059082031
-0.24683447182178497	 -0.23048639297485352	 0.9412485361099243	 -1.4935455322265625
0.0	 0.0	 0.0	 1.0
19 	 55	 60
0.9412842988967896	 -0.08058731257915497	 0.3278559148311615	 -0.9601318836212158
0.0992233157157898	 0.9942411780357361	 -0.04048769548535347	 0.42233848571777344
-0.32270506024360657	 0.07064138352870941	 0.9438597559928894	 -1.552377700805664
0.0	 0.0	 0.0	 1.0
19 	 56	 60
0.9687204360961914	 -0.025562290102243423	 0.24683447182178497	 -0.8343392610549927
0.0843096524477005	 0.9694162607192993	 -0.23048639297485352	 0.1936333179473877
-0.2333935797214508	 0.24408741295337677	 0.9412485361099243	 -1.6930625438690186
0.0	 0.0	 0.0	 1.0
19 	 57	 60
0.9687204360961914	 -0.025562290102243423	 0.24683447182178497	 -1.3951905965805054
0.0843096524477005	 0.9694162607192993	 -0.23048639297485352	 0.31074774265289307
-0.2333935797214508	 0.24408741295337677	 0.9412485361099243	 -1.924778938293457
0.0	 0.0	 0.0	 1.0
19 	 58	 60
0.8695614337921143	 -0.1107325628399849	 0.4812496602535248	 -1.3891425132751465
0.15213298797607422	 0.9872065782546997	 -0.0477362759411335	 -0.09133279323577881
-0.46980684995651245	 0.1147235706448555	 0.8752828240394592	 -2.1382951736450195
0.0	 0.0	 0.0	 1.0
20 	 21	 60
0.9920029044151306	 -0.10651468485593796	 0.06771159172058105	 0.0043228864669799805
0.09762098640203476	 0.9875560402870178	 0.12330117076635361	 -0.04828578233718872
-0.08000237494707108	 -0.11570504307746887	 0.990056574344635	 0.041286587715148926
0.0	 0.0	 0.0	 1.0
20 	 22	 60
0.9920029044151306	 -0.10651468485593796	 0.06771159172058105	 -0.10725957155227661
0.09762098640203476	 0.9875560402870178	 0.12330117076635361	 -0.05122804641723633
-0.08000237494707108	 -0.11570504307746887	 0.990056574344635	 0.09899508953094482
0.0	 0.0	 0.0	 1.0
20 	 54	 60
0.9510460495948792	 -0.06631509959697723	 -0.30185049772262573	 0.00893557071685791
0.11146143823862076	 0.9845731854438782	 0.13487768173217773	 0.6914178133010864
0.28824949264526367	 -0.16191957890987396	 0.9437659978866577	 -1.6661345958709717
0.0	 0.0	 0.0	 1.0
20 	 55	 60
0.9876678586006165	 0.03944326937198639	 -0.1515139490365982	 -0.10471057891845703
-0.05081624537706375	 0.9961137771606445	 -0.07193785160779953	 0.349523663520813
0.14808766543865204	 0.07875006645917892	 0.9858338832855225	 -1.808558702468872
0.0	 0.0	 0.0	 1.0
20 	 56	 60
0.9305115938186646	 -0.14556550979614258	 -0.33609357476234436	 0.3498302698135376
0.015056530945003033	 0.9320573806762695	 -0.3619977533817291	 0.4250708222389221
0.36595287919044495	 0.3317826986312866	 0.8694818615913391	 -1.83317232131958
0.0	 0.0	 0.0	 1.0
20 	 57	 60
0.9030550718307495	 -0.05991525948047638	 -0.4253253936767578	 0.24623554944992065
-0.05991525948047638	 0.9629703164100647	 -0.2628655433654785	 0.3746502995491028
0.4253253936767578	 0.2628655433654785	 0.8660253882408142	 -2.313063144683838
0.0	 0.0	 0.0	 1.0
20 	 58	 60
0.9920029044151306	 -0.09762098640203476	 0.08000237494707108	 -0.5358574986457825
0.10651468485593796	 0.9875560402870178	 -0.11570504307746887	 -0.054217755794525146
-0.06771159172058105	 0.12330117076635361	 0.990056574344635	 -2.5646989345550537
0.0	 0.0	 0.0	 1.0
21 	 22	 60
0.990056574344635	 -0.08000237494707108	 0.11570504307746887	 -0.20857945084571838
0.06771159172058105	 0.9920029044151306	 0.10651468485593796	 -0.0687653124332428
-0.12330117076635361	 -0.09762098640203476	 0.9875560402870178	 0.04247334599494934
0.0	 0.0	 0.0	 1.0
21 	 54	 60
0.8912473917007446	 0.180092915892601	 0.41622671484947205	 -0.8080825805664062
-0.07979899644851685	 0.9657288789749146	 -0.2469814568758011	 1.552171230316162
-0.44644176959991455	 0.186907097697258	 0.875074565410614	 -0.9960877299308777
0.0	 0.0	 0.0	 1.0
21 	 55	 60
0.9687204360961914	 0.025562290102243423	 -0.24683447182178497	 0.07985246181488037
-0.0843096524477005	 0.9694162607192993	 -0.23048639297485352	 0.7295374870300293
0.2333935797214508	 0.24408741295337677	 0.9412485361099243	 -1.7596869468688965
0.0	 0.0	 0.0	 1.0
21 	 56	 60
-0.8507462739944458	 0.07401430606842041	 0.5203389525413513	 -0.9608458280563354
0.37361592054367065	 -0.611149251461029	 0.6977877616882324	 -1.7810760736465454
0.36965104937553406	 0.7880472540855408	 0.4922800362110138	 -1.1386957168579102
0.0	 0.0	 0.0	 1.0
21 	 57	 60
0.8147251605987549	 -0.05094243586063385	 -0.5776052474975586	 0.7292478084564209
-0.29702967405319214	 0.818846583366394	 -0.4911859333515167	 1.3032885789871216
0.49799230694770813	 0.5717474222183228	 0.6520034670829773	 -1.9584591388702393
0.0	 0.0	 0.0	 1.0
21 	 58	 60
0.9920029044151306	 0.10651468485593796	 -0.06771159172058105	 -0.3138270378112793
-0.09762098640203476	 0.9875560402870178	 0.12330117076635361	 -0.6864154934883118
0.08000237494707108	 -0.11570504307746887	 0.990056574344635	 -2.5843982696533203
0.0	 0.0	 0.0	 1.0
22 	 23	 60
0.8660253882408142	 0.2628655433654785	 -0.4253253936767578	 -0.0755012035369873
-0.2628655433654785	 0.9629703164100647	 0.05991525948047638	 -0.07045349478721619
0.4253253936767578	 0.05991525948047638	 0.9030550718307495	 0.045388609170913696
0.0	 0.0	 0.0	 1.0
22 	 54	 60
0.9412485361099243	 0.2333935797214508	 -0.24408741295337677	 0.30163300037384033
-0.24683447182178497	 0.9687204360961914	 -0.025562290102243423	 1.1163742542266846
0.23048639297485352	 0.0843096524477005	 0.9694162607192993	 -1.550795555114746
0.0	 0.0	 0.0	 1.0
22 	 55	 60
0.9191703200340271	 0.10399528592824936	 -0.37988269329071045	 0.5986230373382568
-0.2932693064212799	 0.8245333433151245	 -0.4838779866695404	 1.4369723796844482
0.26290491223335266	 0.5561742186546326	 0.7883852124214172	 -1.349665641784668
0.0	 0.0	 0.0	 1.0
22 	 56	 60
0.8786545991897583	 -0.010705970227718353	 -0.47733792662620544	 0.7151848077774048
-0.21719768643379211	 0.8813539147377014	 -0.4195716977119446	 0.6819471120834351
0.425195574760437	 0.4723352789878845	 0.7720803618431091	 -1.734567642211914
0.0	 0.0	 0.0	 1.0
22 	 57	 60
0.8147251605987549	 -0.05094243586063385	 -0.5776052474975586	 0.8432478904724121
-0.29702967405319214	 0.818846583366394	 -0.4911859333515167	 1.3252886533737183
0.49799230694770813	 0.5717474222183228	 0.6520034670829773	 -1.9644591808319092
0.0	 0.0	 0.0	 1.0
22 	 58	 60
1.0	 0.0	 0.0	 -0.21800005435943604
0.0	 0.8660253882408142	 -0.5	 1.231480598449707
0.0	 0.5	 0.8660253882408142	 -2.3764548301696777
0.0	 0.0	 0.0	 1.0
23 	 24	 60
0.6520034670829773	 0.5776052474975586	 -0.4911859333515167	 0.09398865699768066
-0.49799230694770813	 0.8147251605987549	 0.29702967405319214	 0.11391487717628479
0.5717474222183228	 0.05094243586063385	 0.818846583366394	 0.002943277359008789
0.0	 0.0	 0.0	 1.0
23 	 54	 60
0.9682546257972717	 0.21868667006492615	 0.12107501178979874	 -0.15698212385177612
-0.18338212370872498	 0.9506023526191711	 -0.2504520118236542	 1.6585185527801514
-0.1698646992444992	 0.22029832005500793	 0.9605283141136169	 -1.304443359375
0.0	 0.0	 0.0	 1.0
23 	 55	 60
0.9872065782546997	 -0.0477362759411335	 0.15213298797607422	 -0.43961453437805176
0.1147235706448555	 0.8752828240394592	 -0.46980684995651245	 1.4389536380767822
-0.1107325628399849	 0.4812496602535248	 0.8695614337921143	 -1.5100421905517578
0.0	 0.0	 0.0	 1.0
23 	 56	 60
1.0	 0.0	 0.0	 -0.1239999532699585
0.0	 0.7660444378852844	 -0.6427876353263855	 1.3005754947662354
0.0	 0.6427876353263855	 0.7660444378852844	 -1.6910769939422607
0.0	 0.0	 0.0	 1.0
23 	 57	 60
0.8902616500854492	 0.3775891363620758	 0.25467756390571594	 -0.3752177953720093
-0.3106018304824829	 0.9123125076293945	 -0.2668565511703491	 0.20398348569869995
-0.33310768008232117	 0.1584688425064087	 0.9294766783714294	 -1.1559197902679443
0.0	 0.0	 0.0	 1.0
23 	 58	 60
0.9305115938186646	 0.14556550979614258	 0.33609357476234436	 -0.1937946081161499
-0.015056530945003033	 0.9320573806762695	 -0.3619977533817291	 0.1557883620262146
-0.36595287919044495	 0.3317826986312866	 0.8694818615913391	 -1.1783027648925781
0.0	 0.0	 0.0	 1.0
24 	 25	 60
0.9123125076293945	 0.1584688425064087	 -0.3775891363620758	 -0.09636825323104858
-0.2668565511703491	 0.9294766783714294	 -0.25467756390571594	 0.03321307897567749
0.3106018304824829	 0.33310768008232117	 0.8902616500854492	 -0.04369407892227173
0.0	 0.0	 0.0	 1.0
25 	 26	 60
0.9412485361099243	 0.2333935797214508	 -0.24408741295337677	 -0.14441311359405518
-0.24683447182178497	 0.9687204360961914	 -0.025562290102243423	 0.09192025661468506
0.23048639297485352	 0.0843096524477005	 0.9694162607192993	 -0.18169671297073364
0.0	 0.0	 0.0	 1.0
26 	 27	 60
0.9852087497711182	 0.04329879209399223	 -0.16579802334308624	 -0.24021875858306885
-0.047993455082178116	 0.9985492825508118	 -0.024412794038653374	 0.06900548934936523
0.16450044512748718	 0.03200891986489296	 0.9858574867248535	 -0.14576756954193115
0.0	 0.0	 0.0	 1.0
26 	 28	 60
0.8912473917007446	 0.07979899644851685	 -0.44644176959991455	 -0.10443675518035889
-0.180092915892601	 0.9657288789749146	 -0.186907097697258	 0.28057873249053955
0.41622671484947205	 0.2469814568758011	 0.875074565410614	 -0.045174479484558105
0.0	 0.0	 0.0	 1.0
26 	 50	 60
0.9858574867248535	 -0.16450044512748718	 -0.03200891986489296	 -1.8368581533432007
0.16579802334308624	 0.9852087497711182	 0.04329879209399223	 0.19874811172485352
0.024412794038653374	 -0.047993455082178116	 0.9985492825508118	 -0.42945396900177
0.0	 0.0	 0.0	 1.0
26 	 51	 60
-0.3963525593280792	 0.8876967430114746	 0.23430564999580383	 -2.048957347869873
-0.759581446647644	 -0.4604102075099945	 0.45941099524497986	 -2.6615183353424072
0.5156943798065186	 0.004114496521651745	 0.8567627668380737	 0.9333204030990601
0.0	 0.0	 0.0	 1.0
27 	 28	 60
0.9563611745834351	 -0.026970280334353447	 -0.29093971848487854	 0.15802514553070068
-0.026970280334353447	 0.9833314418792725	 -0.17981062829494476	 0.20839834213256836
0.29093971848487854	 0.17981062829494476	 0.9396926164627075	 0.0330815315246582
0.0	 0.0	 0.0	 1.0
27 	 50	 60
0.9412485361099243	 -0.24683447182178497	 0.23048639297485352	 -1.9726356267929077
0.2333935797214508	 0.9687204360961914	 0.0843096524477005	 0.014315009117126465
-0.24408741295337677	 -0.025562290102243423	 0.9694162607192993	 0.07490134239196777
0.0	 0.0	 0.0	 1.0
27 	 51	 60
-0.24928882718086243	 0.9510118961334229	 0.18284271657466888	 -0.9437370896339417
-0.8363896608352661	 -0.3065999448299408	 0.4543663263320923	 -2.63344669342041
0.48816734552383423	 -0.03965930640697479	 0.871848464012146	 0.989271879196167
0.0	 0.0	 0.0	 1.0
28 	 50	 60
0.23183730244636536	 0.8936144113540649	 0.38432374596595764	 -0.4485411047935486
0.05588690564036369	 0.38219958543777466	 -0.9223882555961609	 1.318961262702942
-0.9711478352546692	 0.23532266914844513	 0.038666773587465286	 3.651317834854126
0.0	 0.0	 0.0	 1.0
28 	 51	 60
8.881784197001252e-16	 0.9619383811950684	 0.2732665240764618	 -0.3069170117378235
-0.9619383811950684	 0.07467459887266159	 -0.2628655433654785	 -0.21343553066253662
-0.2732665240764618	 -0.2628655433654785	 0.9253253936767578	 0.8676387667655945
0.0	 0.0	 0.0	 1.0
29 	 41	 60
0.5226649045944214	 -0.6353082060813904	 0.5685110688209534	 -0.48182785511016846
-0.2014196664094925	 -0.7399869561195374	 -0.6417549848556519	 2.599764347076416
0.8284029960632324	 0.22091351449489594	 -0.5147287845611572	 3.561680793762207
0.0	 0.0	 0.0	 1.0
29 	 42	 60
-0.9848077297210693	 -0.16703884303569794	 -0.047452233731746674	 1.4134752750396729
0.16703884303569794	 -0.8365930318832397	 -0.5217375755310059	 2.432302474975586
0.047452233731746674	 -0.5217375755310059	 0.8517853021621704	 1.2573190927505493
0.0	 0.0	 0.0	 1.0
29 	 43	 60
-0.8476608991622925	 -0.08038782328367233	 -0.5244128108024597	 2.026911497116089
0.2499106377363205	 -0.9324223399162292	 -0.26102355122566223	 0.23568415641784668
-0.46799108386039734	 -0.3523157835006714	 0.8104677200317383	 0.478839635848999
0.0	 0.0	 0.0	 1.0
29 	 45	 60
0.43243083357810974	 0.9012423157691956	 -0.027674680575728416	 1.1887656450271606
0.4278008043766022	 -0.23209071159362793	 -0.8735676407814026	 3.567744731903076
-0.7937191128730774	 0.3659183382987976	 -0.4859153628349304	 5.1351423263549805
0.0	 0.0	 0.0	 1.0
29 	 47	 60
0.5226649045944214	 -0.6353082060813904	 0.5685110688209534	 -0.482425332069397
-0.2014196664094925	 -0.7399869561195374	 -0.6417549848556519	 2.569697380065918
0.8284029960632324	 0.22091351449489594	 -0.5147287845611572	 3.5468602180480957
0.0	 0.0	 0.0	 1.0
29 	 48	 60
-0.2138686180114746	 0.8053513169288635	 -0.5528737902641296	 3.233097553253174
-0.1343412697315216	 0.5363434553146362	 0.8332395553588867	 -1.1449024677276611
0.9675807952880859	 0.2524775564670563	 -0.006515107583254576	 2.795952796936035
0.0	 0.0	 0.0	 1.0
29 	 49	 60
-0.5974022150039673	 0.762904942035675	 -0.2471572309732437	 2.5767345428466797
0.12011730670928955	 0.38984665274620056	 0.9130122661590576	 -1.1912195682525635
0.7928949594497681	 0.5157476663589478	 -0.3245333433151245	 3.5847678184509277
0.0	 0.0	 0.0	 1.0
29 	 50	 60
0.814775824546814	 -0.5404877066612244	 0.20979367196559906	 0.08961737155914307
-0.4293586015701294	 -0.8056631684303284	 -0.4081152379512787	 2.008767604827881
0.3896043002605438	 0.24244572222232819	 -0.8884979486465454	 5.6399993896484375
0.0	 0.0	 0.0	 1.0
31 	 32	 60
0.8788188099861145	 0.28349363803863525	 -0.38380828499794006	 -0.056812286376953125
-0.21650634706020355	 0.9537129402160645	 0.20870235562324524	 -0.054261088371276855
0.42520871758461	 -0.10031463205814362	 0.8995190262794495	 -0.12562298774719238
0.0	 0.0	 0.0	 1.0
32 	 33	 60
0.8695614337921143	 0.15213298797607422	 -0.46980684995651245	 -0.16118603944778442
-0.1107325628399849	 0.9872065782546997	 0.1147235706448555	 0.11041253805160522
0.4812496602535248	 -0.0477362759411335	 0.8752828240394592	 0.10114914178848267
0.0	 0.0	 0.0	 1.0
32 	 35	 60
0.9537129402160645	 0.20870235562324524	 -0.21650634706020355	 -0.22861438989639282
-0.10031463205814362	 0.8995190262794495	 0.42520871758461	 0.035648465156555176
0.28349363803863525	 -0.38380828499794006	 0.8788188099861145	 0.5541263222694397
0.0	 0.0	 0.0	 1.0
32 	 36	 60
0.1736481785774231	 0.9473243355751038	 0.26911500096321106	 -1.1047611236572266
-0.9473243355751038	 0.2353556603193283	 -0.21721942722797394	 0.6821574568748474
-0.26911500096321106	 -0.21721942722797394	 0.9382925033569336	 0.9998965263366699
0.0	 0.0	 0.0	 1.0
33 	 34	 60
0.9123125076293945	 0.2668565511703491	 -0.3106018304824829	 0.02127993106842041
-0.1584688425064087	 0.9294766783714294	 0.33310768008232117	 0.0974661111831665
0.3775891363620758	 -0.25467756390571594	 0.8902616500854492	 0.12993723154067993
0.0	 0.0	 0.0	 1.0
33 	 35	 60
0.9791643023490906	 -0.13008488714694977	 0.1559332311153412	 0.13946229219436646
0.0812951922416687	 0.954769492149353	 0.28601810336112976	 0.009774923324584961
-0.18608692288398743	 -0.26738211512565613	 0.9454514384269714	 0.38940656185150146
0.0	 0.0	 0.0	 1.0
33 	 36	 60
0.7883852124214172	 -0.37988269329071045	 0.4838779866695404	 -0.3099045753479004
0.26290491223335266	 0.9191703200340271	 0.2932693064212799	 -0.2723955512046814
-0.5561742186546326	 -0.10399528592824936	 0.8245333433151245	 1.1629350185394287
0.0	 0.0	 0.0	 1.0
34 	 35	 60
0.8660253882408142	 -0.2628655433654785	 0.4253253936767578	 0.3380986452102661
0.2628655433654785	 0.9629703164100647	 0.05991525948047638	 -0.14973455667495728
-0.4253253936767578	 0.05991525948047638	 0.9030550718307495	 0.23886924982070923
0.0	 0.0	 0.0	 1.0
35 	 36	 60
0.8694818615913391	 -0.33609357476234436	 0.3619977533817291	 0.08058971166610718
0.36595287919044495	 0.9305115938186646	 -0.015056530945003033	 -0.2897576689720154
-0.3317826986312866	 0.14556550979614258	 0.9320573806762695	 0.4486914873123169
0.0	 0.0	 0.0	 1.0
35 	 37	 60
0.7720803618431091	 -0.47733792662620544	 0.4195716977119446	 -0.12425678968429565
0.425195574760437	 0.8786545991897583	 0.21719768643379211	 -0.5397306084632874
-0.4723352789878845	 0.010705970227718353	 0.8813539147377014	 1.0403082370758057
0.0	 0.0	 0.0	 1.0
36 	 37	 60
0.9791643023490906	 -0.13008488714694977	 0.1559332311153412	 -1.0012015104293823
0.0812951922416687	 0.954769492149353	 0.28601810336112976	 -0.09590703248977661
-0.18608692288398743	 -0.26738211512565613	 0.9454514384269714	 0.43703407049179077
0.0	 0.0	 0.0	 1.0
37 	 38	 60
0.5477457642555237	 -0.3080126941204071	 0.7778835296630859	 -1.31985604763031
0.5580127239227295	 0.8272542357444763	 -0.06536231935024261	 0.7891185879707336
-0.6233749985694885	 0.46987080574035645	 0.625	 0.45987868309020996
0.0	 0.0	 0.0	 1.0
38 	 39	 60
0.9510460495948792	 -0.06631509959697723	 0.30185049772262573	 -0.003221869468688965
0.11146143823862076	 0.9845731854438782	 -0.13487768173217773	 -0.2707895040512085
-0.28824949264526367	 0.16191957890987396	 0.9437659978866577	 -0.043078720569610596
0.0	 0.0	 0.0	 1.0
38 	 40	 60
0.9412842988967896	 -0.08058731257915497	 0.3278559148311615	 -0.06727457046508789
0.0992233157157898	 0.9942411780357361	 -0.04048769548535347	 -0.27136147022247314
-0.32270506024360657	 0.07064138352870941	 0.9438597559928894	 0.29286468029022217
0.0	 0.0	 0.0	 1.0
38 	 41	 60
0.8660253882408142	 0.0	 0.5	 -0.09895408153533936
0.0	 1.0	 0.0	 -0.40000009536743164
-0.5	 0.0	 0.8660253882408142	 0.46107208728790283
0.0	 0.0	 0.0	 1.0
38 	 46	 60
0.9030550718307495	 0.05991525948047638	 0.4253253936767578	 -0.4227851629257202
0.05991525948047638	 0.9629703164100647	 -0.2628655433654785	 -0.1039198637008667
-0.4253253936767578	 0.2628655433654785	 0.8660253882408142	 -0.11314761638641357
0.0	 0.0	 0.0	 1.0
38 	 47	 60
0.8695614337921143	 -0.1107325628399849	 0.4812496602535248	 -0.02679753303527832
0.15213298797607422	 0.9872065782546997	 -0.0477362759411335	 -0.25079166889190674
-0.46980684995651245	 0.1147235706448555	 0.8752828240394592	 0.4243778586387634
0.0	 0.0	 0.0	 1.0
39 	 40	 60
1.0	 0.0	 0.0	 -0.09000003337860107
0.0	 0.9848077297210693	 0.1736481785774231	 -0.1005028486251831
0.0	 -0.1736481785774231	 0.9848077297210693	 0.2725536823272705
0.0	 0.0	 0.0	 1.0
39 	 41	 60
0.9687204360961914	 -0.0843096524477005	 0.2333935797214508	 -0.2608221173286438
0.025562290102243423	 0.9694162607192993	 0.24408741295337677	 -0.3510078191757202
-0.24683447182178497	 -0.23048639297485352	 0.9412485361099243	 0.48348748683929443
0.0	 0.0	 0.0	 1.0
39 	 45	 60
0.9833314418792725	 0.026970280334353447	 0.17981062829494476	 0.0003293752670288086
0.026970280334353447	 0.9563611745834351	 -0.29093971848487854	 -0.15027618408203125
-0.17981062829494476	 0.29093971848487854	 0.9396926164627075	 0.11144733428955078
0.0	 0.0	 0.0	 1.0
39 	 46	 60
0.9961137771606445	 0.07875006645917892	 0.03944326937198639	 -0.14996016025543213
-0.07193785160779953	 0.9858338832855225	 -0.1515139490365982	 0.1480628252029419
-0.05081624537706375	 0.14808766543865204	 0.9876678586006165	 -0.21226823329925537
0.0	 0.0	 0.0	 1.0
39 	 47	 60
0.9921202659606934	 -0.03529135137796402	 0.12021611630916595	 0.02208423614501953
0.02049209550023079	 0.9922955632209778	 0.12218685448169708	 -0.06590807437896729
-0.12360205501317978	 -0.11876057833433151	 0.9851996898651123	 0.41216742992401123
0.0	 0.0	 0.0	 1.0
40 	 41	 60
0.9852087497711182	 -0.047993455082178116	 0.16450044512748718	 0.01475059986114502
0.04329879209399223	 0.9985492825508118	 0.03200891986489296	 -0.1357109546661377
