0 	 1	 60
0.9975187356137657	 0.061532286700347556	 -0.03420745230120944	 -0.13001011510191146
-0.06066922911165489	 0.9978264737384595	 0.025721060352710483	 -0.05106985623401709
0.03571577716515227	 -0.023581899840693067	 0.9990837188451194	 0.11968959338333655
0.0	 0.0	 0.0	 1.0
0 	 2	 60
0.9603025135862141	 0.11156145086385665	 -0.2556815920947603	 -0.3851651466703468
-0.094684293212762	 0.9924913338588249	 0.0774330475283676	 -0.21555528318272935
0.26240029383925656	 -0.050150123285191986	 0.963655045423929	 0.355487377485936
0.0	 0.0	 0.0	 1.0
0 	 3	 60
0.9349708655431087	 0.10422211667195559	 -0.3390681030119306	 -0.3008199260733053
-0.13405704642831584	 0.9887916270671449	 -0.06572568845091303	 -0.5114003784719862
0.32841763431121157	 0.10690607445694635	 0.9384630779929453	 0.6100494376160112
0.0	 0.0	 0.0	 1.0
0 	 4	 60
0.9795845813313633	 -0.08709082617534361	 0.1811885201499573	 -0.09688973221673458
0.10023190946909444	 0.9928605089370156	 -0.06466520038438232	 -0.4906397812846632
-0.1742631879016058	 0.08150590525227538	 0.9813200783272399	 0.5117291501471045
0.0	 0.0	 0.0	 1.0
0 	 5	 60
0.943344391768073	 -0.2159515393960432	 0.2519250725829167	 0.0952883338969428
0.24715758560212295	 0.9638788949359272	 -0.09925011972932919	 -0.2302870488460668
-0.2213920666604471	 0.155892238275232	 0.9626438689405584	 0.3308966646976221
0.0	 0.0	 0.0	 1.0
0 	 6	 60
0.9520084011150581	 -0.15687682202736775	 0.26281098902199285	 0.3423396991443677
0.17916669721729664	 0.9818021956353106	 -0.06295857293016495	 -0.005118910209574177
-0.2481516722746025	 0.10702406960000303	 0.962791044569032	 0.3046720983055539
0.0	 0.0	 0.0	 1.0
0 	 10	 60
0.9995645560964161	 -0.026735078366995145	 -0.012485963621640181	 0.7022777388334186
0.02588029397868627	 0.9975998929433437	 -0.06422389877973109	 -0.17431161107171228
0.014173029257514116	 0.06387279616731187	 0.9978574074852176	 0.18826956106028017
0.0	 0.0	 0.0	 1.0
0 	 11	 60
0.9718416113096643	 -0.2293663980812451	 0.053989725633644875	 0.45489540964964825
0.23073342852657225	 0.9728003241554944	 -0.020534460619438782	 -0.23806862511858326
-0.047811302806996296	 0.0324134780243733	 0.9983303418626169	 0.37404910211602405
0.0	 0.0	 0.0	 1.0
0 	 12	 60
0.9826979324845142	 -0.16973457422386296	 -0.07412759504793479	 0.1780096691832982
0.1690808830467818	 0.9854871964150665	 -0.015052647924364077	 -0.3581809769255825
0.07560675326455644	 0.0022586463135504295	 0.9971351606056399	 0.6621430574032038
0.0	 0.0	 0.0	 1.0
0 	 13	 60
0.9762819000561686	 -0.12343125997116455	 -0.177871663051874	 -0.10718056014285932
0.12153781375490472	 0.9923529582014871	 -0.0215447677320591	 -0.422386369298847
0.17917076801425977	 -0.0005843661931028863	 0.9838177859414234	 0.693781637400325
0.0	 0.0	 0.0	 1.0
0 	 14	 60
0.9731297699254334	 -0.2233548458595971	 -0.05595550285874638	 -0.2721889871254413
0.22582891143074985	 0.9732347230245612	 0.042607877037486946	 -0.552658183368797
0.04494116251831948	 -0.054099363877651796	 0.9975237092491503	 0.9483022521429049
0.0	 0.0	 0.0	 1.0
0 	 15	 60
0.8674934459140624	 -0.4346369804470958	 0.24196245090690788	 -0.10570045939560384
0.3917153942892016	 0.8966640040061783	 0.20628321266825872	 -0.6397860331262962
-0.30661732566254724	 -0.08416891254206403	 0.9481041070119048	 1.0539572991076158
0.0	 0.0	 0.0	 1.0
0 	 19	 60
0.8033294017366479	 -0.383747260052178	 0.45541178184114184	 0.0789160844016916
0.4207393513086771	 0.9069140112695857	 0.022031656727593614	 -0.19055432003643924
-0.42147391547552215	 0.1739109916903502	 0.8900082424678236	 0.289072045686089
0.0	 0.0	 0.0	 1.0
0 	 26	 60
0.7861338331826319	 0.14052985885323535	 -0.6018679059936106	 2.4045615613665983
-0.13861442912954286	 0.9890889931529047	 0.049889759638018	 -0.33978472415723804
0.6023119551080008	 0.04420755504221512	 0.7970357493731367	 0.6923592559402187
0.0	 0.0	 0.0	 1.0
0 	 27	 60
0.2825339715314135	 0.3345203231056065	 -0.899038784931681	 2.1115419302530536
-0.3158596022027976	 0.9174013165040265	 0.2420900306359513	 -0.7369767141027074
0.9057633684415718	 0.21557137356071454	 0.36485851615857573	 1.3480287714947616
0.0	 0.0	 0.0	 1.0
0 	 28	 60
0.1537339830452993	 0.342662871833943	 -0.9267944664727252	 1.55569625047892
-0.2921868014410093	 0.9117645233535012	 0.28863875265582944	 -0.9917298555643584
0.9439240915616339	 0.22642354336465723	 0.2402907631626102	 1.7544282906290518
0.0	 0.0	 0.0	 1.0
0 	 29	 60
0.22374238364136648	 0.3100796822940699	 -0.9240075590051576	 1.0624415223752868
-0.28938937224865124	 0.9264238253829365	 0.24081680631512292	 -1.118420871078676
0.9306949822448052	 0.21351703815880554	 0.2970140623871219	 1.8704023424537155
0.0	 0.0	 0.0	 1.0
0 	 39	 60
0.6548708111572726	 -0.5117426648332045	 0.5561148185027057	 -0.48781121324248794
0.3346008253376849	 0.8561321946167386	 0.393801878604226	 -0.7088636970879525
-0.6776330350030807	 -0.07181287793571513	 0.7318855183131291	 0.4142347320859253
0.0	 0.0	 0.0	 1.0
1 	 2	 60
0.972748328319852	 0.055105519821676545	 -0.2252201549274037	 -0.23333155510343762
-0.04731895873155374	 0.9980854133779646	 0.03983026226882908	 -0.18875938519013472
0.22698382423057611	 -0.028087634531228277	 0.9734933916322065	 0.24206999865647172
0.0	 0.0	 0.0	 1.0
1 	 3	 60
0.952095401895148	 0.049087803221207496	 -0.30183561239174006	 -0.1288143492681487
-0.08206191924977771	 0.9918418417899096	 -0.09754794400120714	 -0.4909714880371752
0.29458478876829175	 0.11764416013440232	 0.9483562792985992	 0.4766079275821724
0.0	 0.0	 0.0	 1.0
1 	 4	 60
0.9645818367602145	 -0.14906606259216673	 0.21762634863406874	 0.06912919838885667
0.16692659309038907	 0.9837558651146655	 -0.06602936954430193	 -0.455741196403815
-0.20424845964339713	 0.10001835180207876	 0.9737961168141498	 0.38036870852543203
0.0	 0.0	 0.0	 1.0
1 	 5	 60
0.9143679096469557	 -0.2740791793698386	 0.29801332211526327	 0.21665098755497278
0.31368653204937513	 0.944919245174673	 -0.09342605988972094	 -0.1828786934818769
-0.25599237734820063	 0.17890856116168996	 0.9499787464654855	 0.19714366592309332
0.0	 0.0	 0.0	 1.0
1 	 10	 60
0.9955665825943786	 -0.09225881175530058	 0.018314822155793414	 0.8462738471952782
0.0934530364373583	 0.9922878907386555	 -0.08143233107957194	 -0.07673254124730268
-0.010660725591683318	 0.08278288595690761	 0.9965105889138908	 0.038083339314892585
0.0	 0.0	 0.0	 1.0
1 	 11	 60
0.9544627146974755	 -0.2859372632920285	 0.0850928762576847	 0.6086650162716684
0.2896591885200277	 0.9564923441178522	 -0.0349276254567393	 -0.15864214819814473
-0.07140357579667582	 0.05798504843137291	 0.9957606461920608	 0.22769332330220035
0.0	 0.0	 0.0	 1.0
1 	 12	 60
0.9744092027580866	 -0.22168970937060614	 -0.037152837555718396	 0.3391765438630898
0.22066480247513895	 0.9748950309256242	 -0.029778693598829918	 -0.30802233755790953
0.04282174749425621	 0.020818309310471905	 0.9988658178130562	 0.5231982118350827
0.0	 0.0	 0.0	 1.0
1 	 13	 60
0.9731147650203634	 -0.18004470131625266	 -0.1436367970867914	 0.063947618132388
0.17482569822354657	 0.9834155228053071	 -0.04826946252270541	 -0.3831134068169404
0.14994531380108309	 0.021860324842685262	 0.9884525931281425	 0.5545594733156213
0.0	 0.0	 0.0	 1.0
1 	 14	 60
0.957865731606974	 -0.2845532629517807	 -0.03902153167213535	 -0.06327075651815553
0.2856893370028281	 0.9579299560436947	 0.02741899367014167	 -0.5358862390225012
0.029577730003753223	 -0.03741174994402446	 0.9988621120315241	 0.8129458286962179
0.0	 0.0	 0.0	 1.0
1 	 26	 60
0.7989106987844122	 0.08953668327394942	 -0.594747720474477	 2.6065016296262944
-0.11083885797858274	 0.9938381222424499	 0.0007307590866127396	 -0.15764368550689115
0.5911483874692192	 0.06533734862926233	 0.8039120524405786	 0.5234499200935506
0.0	 0.0	 0.0	 1.0
1 	 27	 60
0.8751177329045274	 -0.42691129420050533	 0.22785007773083418	 -1.0006734367379881
0.42952695779323424	 0.9021415004159654	 0.040586908752810485	 -0.40966279936955236
-0.22288002054401507	 0.06234943219807448	 0.9728499408491963	 -0.13887172541126944
0.0	 0.0	 0.0	 1.0
1 	 28	 60
0.20100378003561015	 0.29431013507618997	 -0.9343334412301093	 1.791641358150694
-0.30213326592334816	 0.9259260560216411	 0.22666371719342523	 -0.8688227176271719
0.9318331049580098	 0.23673295076388373	 0.27503551952277394	 1.54703052506132
0.0	 0.0	 0.0	 1.0
1 	 29	 60
0.27248031496876274	 0.2676911602726018	 -0.9241731099728363	 1.3061559434200405
-0.2887183556566084	 0.9390018703854749	 0.1868615558842984	 -1.0471213020783066
0.9178214491799762	 0.21590966152220187	 0.3331468972432665	 1.6783084712336072
0.0	 0.0	 0.0	 1.0
1 	 31	 60
-0.2325422656378951	 0.46446311133229845	 -0.8545162742141218	 0.29659624694009873
-0.5112116343463395	 0.6890723237359798	 0.5136554922949492	 -1.2450245309998407
0.8273975515408246	 0.5562852842850374	 0.07720052240573373	 1.7907539730397581
0.0	 0.0	 0.0	 1.0
1 	 32	 60
-0.6464340719786152	 0.5403825280492505	 -0.5386183375375894	 0.27900576278598377
-0.41602570495733837	 0.34211943830786573	 0.8425419281062096	 -1.305359517068069
0.6395667268343636	 0.7687268889564476	 0.003655393688696782	 1.7384099842092031
0.0	 0.0	 0.0	 1.0
1 	 40	 60
0.9815587363346804	 -0.1088282853881242	 -0.1571587661761443	 -0.3241987704484186
0.042235856220138236	 0.9252750030362706	 -0.3769380679687422	 -0.041315384425425324
0.18643659993420322	 0.36334910078568705	 0.9128082154734504	 -0.3632746764577009
0.0	 0.0	 0.0	 1.0
2 	 3	 60
0.9967802797268737	 0.03011099324866391	 -0.07431304027401656	 0.1723458566014857
-0.04041887854324501	 0.9891326051809407	 -0.14136108074209341	 -0.3032732976191261
0.06924892948903805	 0.14390959190490887	 0.9871649637725682	 0.1951324223042776
0.0	 0.0	 0.0	 1.0
2 	 11	 60
0.8951868276804025	 -0.31318363462186577	 0.3171065801523851	 0.7913165276148398
0.34920933305909996	 0.9349637621379328	 -0.06241510172309207	 0.09676708220938114
-0.27693574763903517	 0.16660972982558903	 0.9463338565815383	 -0.20443926067291002
0.0	 0.0	 0.0	 1.0
2 	 12	 60
0.9474851451230454	 -0.2623222774399629	 0.18291774272799916	 0.6468573510990433
0.27974267033325717	 0.957017147683497	 -0.07656515006662339	 -0.06091834754579989
-0.1549706712182106	 0.12371423714736343	 0.9801422739350559	 0.15626347892791392
0.0	 0.0	 0.0	 1.0
2 	 13	 60
0.9707438275124411	 -0.2260938445522269	 0.08085772000009835	 0.3900454245885652
0.23298491383072772	 0.9683635505398543	 -0.08938719362728387	 -0.1793670105316352
-0.058089775740875545	 0.10561069129562689	 0.9927094029452117	 0.2435866388947516
0.0	 0.0	 0.0	 1.0
2 	 14	 60
0.9282560914139449	 -0.3221101350828726	 0.18597226963558197	 0.3182119579091746
0.32952754965426545	 0.9440973058736077	 -0.009585555837148135	 -0.3502383748208843
-0.17248831278139706	 0.07018083771992972	 0.9825082262777189	 0.5090635455653468
0.0	 0.0	 0.0	 1.0
2 	 27	 60
0.5284060942677867	 0.2590768363566201	 -0.8084962175857296	 2.811596730821084
-0.3267241280382675	 0.9410135075200657	 0.08800507404477644	 -0.22633430043045039
0.7836059882813008	 0.21765281104712353	 0.5818839690377755	 0.4131079036081115
0.0	 0.0	 0.0	 1.0
2 	 28	 60
0.4201705552239438	 0.2821269212030811	 -0.8624737969914938	 2.3656697566671125
-0.3247154219261232	 0.9342529241187699	 0.14741552548412826	 -0.5945232317913213
0.8473586020441173	 0.21811888670283794	 0.4841565786814483	 0.8585410569509362
0.0	 0.0	 0.0	 1.0
2 	 29	 60
0.48436154756250366	 0.25048985169260635	 -0.8382414139080605	 1.8909562971564042
-0.3023722297173898	 0.9470202234038884	 0.10827604082348925	 -0.7849478469639146
0.8209536692838457	 0.20101618166593457	 0.5344414012071084	 1.038198691199225
0.0	 0.0	 0.0	 1.0
2 	 30	 60
0.32231455761615313	 0.34207276298467376	 -0.882666143216125	 1.4043138835201436
-0.3912695694570351	 0.8971924623568911	 0.2048263043807077	 -1.0416297533322205
0.8619869007674815	 0.2793419326830387	 0.42302085709458603	 1.2825248820819994
0.0	 0.0	 0.0	 1.0
2 	 31	 60
-0.018126496192162833	 0.5482480283235555	 -0.836119290465949	 0.9445525970174943
-0.5485899144025659	 0.6936841454358585	 0.46674555913163335	 -1.0939584267191953
0.8358950134628452	 0.4671471005813383	 0.28818930602525183	 1.3824373288644982
0.0	 0.0	 0.0	 1.0
2 	 40	 60
0.9944398211821474	 -0.07088179011163022	 0.07787965319888436	 -0.23598105477985123
0.09764357638637673	 0.8976023290159721	 -0.4298555429153295	 0.20669018188823493
-0.03943602821870921	 0.435069925838394	 0.8995326460322476	 -0.5380144662576987
0.0	 0.0	 0.0	 1.0
2 	 41	 60
0.9937768426892358	 -0.10755128375969349	 0.028987322334551976	 -0.17821499448476713
0.10883509619681656	 0.882127605060252	 -0.45826389063437195	 0.0035447717865537084
0.023716353218898527	 0.45856689089947766	 0.8883433815807947	 -0.30032946355577556
0.0	 0.0	 0.0	 1.0
2 	 42	 60
0.985895575249883	 -0.10297700936090266	 0.131930574564131	 -0.09007364572907005
0.15019188594693117	 0.8921801990897328	 -0.42597756592008745	 -0.23073571418874053
-0.0738399511265764	 0.43978430791541573	 0.8950628169369805	 0.12400363434112983
0.0	 0.0	 0.0	 1.0
3 	 4	 60
0.845349322640556	 -0.18290438853673027	 0.5019267540292556	 0.14854862929832122
0.17743587221238866	 0.9823540571871233	 0.059135271708964626	 0.03126768398551744
-0.5038858912850737	 0.039069853804994885	 0.8628861714117944	 -0.15630737268226583
0.0	 0.0	 0.0	 1.0
3 	 5	 60
0.7729295494497191	 -0.27734356480380834	 0.5706666732528659	 0.21860950381822164
0.31492462429350815	 0.9484922884397322	 0.03442233674453976	 0.28326922636436264
-0.5508197410792868	 0.15311094967456892	 0.8204600004393695	 -0.4021231491020006
0.0	 0.0	 0.0	 1.0
3 	 10	 60
0.9444529791546846	 -0.13338017621465204	 0.3003635329789238	 0.8162965036823012
0.1261430343476244	 0.991059960284063	 0.04345261678600776	 0.38917010196940555
-0.3034739729194964	 -0.003150187921149633	 0.9528345176931321	 -0.7609818377624924
0.0	 0.0	 0.0	 1.0
3 	 11	 60
0.8655072807556188	 -0.32990998850468617	 0.37690383829365653	 0.6019365431677819
0.3205854066976291	 0.943005682873658	 0.08924820207583802	 0.32808438457766703
-0.38486634231158756	 0.04358490618511732	 0.9219426482649998	 -0.4948184098325782
0.0	 0.0	 0.0	 1.0
3 	 12	 60
0.9215540865824303	 -0.28789393242003763	 0.26049028636162935	 0.44561643374201726
0.2758516784470508	 0.9576532027696275	 0.08249944466804869	 0.21153422130195404
-0.27321045358424767	 -0.004171014985480614	 0.9619452342675745	 -0.11843904146633738
0.0	 0.0	 0.0	 1.0
3 	 13	 60
0.9547287468351487	 -0.2506618610181581	 0.16019252956459185	 0.19531697716551452
0.24420734656978263	 0.9679198867678503	 0.05910902543304927	 0.13103466644340195
-0.16986991235161464	 -0.017312893871554255	 0.9853143961404189	 0.00755627867668952
0.0	 0.0	 0.0	 1.0
3 	 14	 60
0.8970362394337374	 -0.3568879562866579	 0.26068553170376035	 0.15670992767972428
0.33010805927552983	 0.9332437656945367	 0.1417207747886176	 -0.0005385038830303828
-0.2938615769885751	 -0.041074269228301846	 0.9549650847963083	 0.307403804215327
0.0	 0.0	 0.0	 1.0
3 	 26	 60
0.9404905177751991	 0.0319712521936253	 -0.33831259762867094	 2.615186910502593
-0.00704314670942409	 0.9971844398553643	 0.07465646773408119	 0.4394228486483731
0.33974691874387025	 -0.06783091520978907	 0.9380676883836885	 -0.800226636754748
0.0	 0.0	 0.0	 1.0
3 	 27	 60
0.6066525645918897	 0.24476587734948213	 -0.7563480327542726	 2.5580939377930894
-0.17236848126299434	 0.9692863884661048	 0.17542249555749648	 0.1162239282871834
0.7760552868656966	 0.023950051496070403	 0.6302099870687722	 -0.08562809347879204
0.0	 0.0	 0.0	 1.0
3 	 28	 60
0.49239127683335215	 0.2584374640973173	 -0.8311202758313673	 2.19531318422148
-0.16624669172380196	 0.965245281421332	 0.20165207201967328	 -0.13947407363836925
0.8543493478764076	 0.03887926124219892	 0.5182427729803994	 0.4857402106755379
0.0	 0.0	 0.0	 1.0
3 	 29	 60
0.550984816514537	 0.2219024756199022	 -0.8044719006967719	 1.7880682309120377
-0.15962945311206603	 0.9742235632549306	 0.1593955279196733	 -0.30033490295906556
0.8191057351774615	 0.04059288927405531	 0.5722045552672845	 0.7709060245092291
0.0	 0.0	 0.0	 1.0
3 	 30	 60
0.39342089606553876	 0.31420242646616553	 -0.864000495730109	 1.3389662845295287
-0.24151636231350188	 0.9421003479892244	 0.23263024039710034	 -0.5235209848901606
0.8870681249247366	 0.11714866074442301	 0.44652701059297567	 1.097400237205444
0.0	 0.0	 0.0	 1.0
3 	 40	 60
0.9852254968365315	 -0.06424604281242799	 0.15875499447867986	 -0.49901867338856293
0.11150373549644088	 0.9442164102596946	 -0.30987472372214064	 0.4425783412463492
-0.12999084113287387	 0.3229982406303144	 0.9374297136891552	 -0.7681709444986738
0.0	 0.0	 0.0	 1.0
3 	 41	 60
0.9886901300411629	 -0.10236898696701359	 0.10960116828617902	 -0.4065344612114919
0.13376743705223998	 0.9323716219309839	 -0.33584134915238484	 0.2561419474804559
-0.06780928776853615	 0.3467040811657345	 0.9355202738499633	 -0.5068942114414695
0.0	 0.0	 0.0	 1.0
3 	 42	 60
0.9741113233689868	 -0.0924485037437461	 0.20630168729278361	 -0.2651177010345961
0.15284911869206974	 0.941702839951333	 -0.29972147811815686	 0.07447359144489003
-0.16656607705131676	 0.32349510391067565	 0.9314540300819727	 -0.059997399355131
0.0	 0.0	 0.0	 1.0
3 	 43	 60
0.9868642518579692	 -0.11505752137154171	 0.11340508784953371	 -0.10544335514348054
0.14403606446439918	 0.9445435397102379	 -0.2951120001445101	 -0.10654080659344974
-0.07316119533217072	 0.307569893096406	 0.948708703499154	 0.32468094041907414
0.0	 0.0	 0.0	 1.0
3 	 44	 60
0.9151115050323944	 -0.12275614231079157	 0.3840597663733121	 -0.0847618862080962
0.2081544936036307	 0.959610874765975	 -0.18925817263528183	 -0.27640483693502577
-0.3453153163828648	 0.25313611904938665	 0.9037031940922339	 0.6772904396140387
0.0	 0.0	 0.0	 1.0
3 	 45	 60
0.8392798165972828	 -0.1390484226408504	 0.5256186270894744	 0.08430543590548407
0.2394484431462652	 0.9624712751143196	 -0.12772405369596265	 -0.36447674694764753
-0.48813302295439404	 0.2330547889258057	 0.8410776706382491	 0.9043482280811641
0.0	 0.0	 0.0	 1.0
4 	 5	 60
0.9876854148182416	 -0.138997577240154	 0.07181327688656486	 0.2437053332164796
0.14195923301684943	 0.9891465127892233	 -0.03790518508515815	 0.22186416904567985
-0.06576511769452636	 0.047632956676261974	 0.9966975851465091	 -0.160525893982648
0.0	 0.0	 0.0	 1.0
4 	 6	 60
0.9942506802917596	 -0.07561885708556804	 0.07581111953710774	 0.5336496127698415
0.07595146489939752	 0.9971103785428884	 -0.0015096753654205972	 0.41914805988159515
-0.07547789331607223	 0.007258961929334804	 0.9971210240000832	 -0.15497522116627835
0.0	 0.0	 0.0	 1.0
4 	 7	 60
0.9980388429509376	 -0.06257749125460019	 0.0015891977329464263	 0.9480141680046401
0.062517327180551	 0.9977224807462484	 0.025326571338267843	 0.522067159903369
-0.0031704516009410867	 -0.025177549559734	 0.9996779677650265	 -0.3032022039668343
0.0	 0.0	 0.0	 1.0
4 	 9	 60
0.986982797545321	 0.12624614205893564	 0.09963352851749278	 1.3658516833612346
-0.12915322449729472	 0.991351773467178	 0.023262027670090644	 0.21269822667554128
-0.09583513881484801	 -0.03582721160200069	 0.9947522687775036	 -0.27416856446499793
0.0	 0.0	 0.0	 1.0
4 	 10	 60
0.9784862063761598	 0.06772377010937519	 -0.19487993061610062	 0.8736066527108046
-0.06506573008660714	 0.9976802172356191	 0.020016145116833087	 0.21393870162691916
0.19578341952349346	 -0.006905517505669567	 0.9806228164008213	 -0.19234632961981044
0.0	 0.0	 0.0	 1.0
4 	 11	 60
0.9838453430625387	 -0.1280804699238108	 -0.12507478622972829	 0.5964641690514932
0.13583204520288555	 0.9891752353433828	 0.055516375766875785	 0.19181685701982792
0.11661031187673751	 -0.0716086894253839	 0.9905928679243793	 -0.050129192083716585
0.0	 0.0	 0.0	 1.0
4 	 12	 60
0.967935999315351	 -0.06698852275229515	 -0.24210012470111353	 0.24778170746186623
0.08648240748801445	 0.9937344851429945	 0.07079975518991019	 0.12425930216536255
0.2358404699085734	 -0.08946703367714581	 0.9676646518148514	 0.18806583915417208
0.0	 0.0	 0.0	 1.0
4 	 13	 60
0.9408012067471957	 -0.02387292773972085	 -0.3381170204021558	 -0.05105766787932447
0.0499236428308267	 0.9963971068730697	 0.06856001481035762	 0.09079248733028908
0.33526209584085953	 -0.08138137903464297	 0.9386034296986243	 0.16410516832206976
0.0	 0.0	 0.0	 1.0
4 	 14	 60
0.9692370807889614	 -0.11154532027980985	 -0.2194017616944616	 -0.26203776347577856
0.14160789875292148	 0.9818187285167559	 0.12640896538857602	 -0.00793780162543049
0.20131242464613266	 -0.1535892716930941	 0.967410815921704	 0.3994895440585209
0.0	 0.0	 0.0	 1.0
4 	 15	 60
0.9425987255412399	 -0.31969391515381756	 0.09645458913577881	 -0.13798031671030028
0.28664373299243345	 0.92281162293582	 0.2573986053976399	 -0.10188729536015556
-0.1712981886548445	 -0.21497548610988182	 0.9614793041552274	 0.54043707782053
0.0	 0.0	 0.0	 1.0
4 	 18	 60
0.7248479116039115	 -0.3604498001520245	 0.5870872510778613	 -0.025782249316907292
0.3254780461476148	 0.9302697601446465	 0.16929929511864797	 -0.005641046050873273
-0.607173402810915	 0.06836777024855817	 0.7916225551634987	 0.15969398564779727
0.0	 0.0	 0.0	 1.0
4 	 19	 60
0.8997249286338154	 -0.31455610608765505	 0.3025714215728468	 0.2191745978602166
0.3114501772195485	 0.9483780003204157	 0.05981595735709557	 0.25551858798159793
-0.3057675544879795	 0.04041801844923477	 0.951247890188032	 -0.20482674999723763
0.0	 0.0	 0.0	 1.0
4 	 25	 60
0.8754378961548789	 0.08226998951868217	 -0.4762773987462396	 2.4960805046334915
0.00043789158466739527	 0.9852715669602657	 0.1709962115820259	 0.1084941380774085
0.48333044611400344	 -0.14990511933826223	 0.8625080398147129	 0.17684715540014748
0.0	 0.0	 0.0	 1.0
4 	 26	 60
0.642601770674911	 0.2388133337639698	 -0.72803239744354	 2.4368784177441225
-0.15816362131552783	 0.9710655004714596	 0.1789304631433384	 -0.08091517939037346
0.7496981185442931	 0.00016720538923395488	 0.661779981589063	 0.6465935010845184
0.0	 0.0	 0.0	 1.0
4 	 27	 60
0.9607052349530754	 -0.275619395075641	 0.0328542199578152	 -0.6860394780297031
0.27512050388420534	 0.9612232831061396	 0.018934295173127176	 0.45615701591535723
-0.0367989001535433	 -0.009151406943453405	 0.999280787715475	 -0.7593187170726952
0.0	 0.0	 0.0	 1.0
4 	 37	 60
0.517496620478187	 -0.6265029134925376	 0.5828304750163095	 -0.417345329421412
0.41002397108512095	 0.7793945671338963	 0.4737345385597193	 -0.5631091149339097
-0.7510510093525758	 -0.006181546344853422	 0.6602152583032858	 0.6881275216465416
0.0	 0.0	 0.0	 1.0
4 	 38	 60
0.7641723130928021	 -0.5213180460605885	 0.37982650567904397	 -0.9102299597391076
0.31899328687558526	 0.817261880269452	 0.4799231883550044	 -0.42599426058674567
-0.5606103427229885	 -0.24558190344275926	 0.7908258880268274	 0.22937081533996928
0.0	 0.0	 0.0	 1.0
4 	 39	 60
0.8037480143508228	 -0.3935544283980049	 0.44621076548517996	 -0.3483155654666102
0.21277174778150085	 0.8905040833960197	 0.40215746155036053	 -0.1885533291827096
-0.5556233677961276	 -0.22829221943594258	 0.799478179351223	 -0.1625315418791448
0.0	 0.0	 0.0	 1.0
5 	 6	 60
0.9974946246019553	 0.07024093672273822	 0.008404551385406533	 0.3230687011265804
-0.07049947032829776	 0.996863547939624	 0.03595749837561427	 0.15265763706393445
-0.005852500519143118	 -0.03645992870225633	 0.9993179913606249	 0.02306926225925579
0.0	 0.0	 0.0	 1.0
5 	 7	 60
0.9949713914570545	 0.08187886095959822	 -0.05768662635922998	 0.7578862405896014
-0.0778452648985941	 0.9945743449433352	 0.06900748618531459	 0.1972585595897315
0.0630238930395782	 -0.06416984817330611	 0.9959469032658429	 -0.10436399431054688
0.0	 0.0	 0.0	 1.0
5 	 8	 60
0.9900035050766328	 0.12005264356467622	 0.07402989578062846	 0.4388984325735029
-0.1322722532473655	 0.9724706850521091	 0.19184575264383655	 0.12434625186259776
-0.048960315278500914	 -0.1997200695169105	 0.9786290554062085	 -0.016602645690050297
0.0	 0.0	 0.0	 1.0
5 	 9	 60
0.9631045493356358	 0.266084878002837	 0.04035423543947814	 1.1117143899447564
-0.2680585121786471	 0.9617850789249027	 0.05580361420706792	 -0.16893158416274373
-0.023963606907596496	 -0.06456201122734484	 0.9976259481594254	 -0.03576573770091123
0.0	 0.0	 0.0	 1.0
5 	 10	 60
0.9471586272547838	 0.20687548986959434	 -0.2451389531946645	 0.6091854149012043
-0.18880867559930803	 0.9773779148524547	 0.09530823654379758	 -0.09855299576429173
0.2593103426047831	 -0.043987654121220715	 0.9647917988161665	 0.009243826919470595
0.0	 0.0	 0.0	 1.0
5 	 11	 60
0.9835585948470476	 0.019354175439030633	 -0.17954901266064832	 0.3427045288154826
0.002333977510499561	 0.9927950654884896	 0.1198020090006275	 -0.07539892086081551
0.18057404165503652	 -0.11825136323925561	 0.9764269472686754	 0.14179510528484662
0.0	 0.0	 0.0	 1.0
5 	 12	 60
0.9545966442474205	 0.07623982893103502	 -0.287980374968781	 -0.038612260012453894
-0.03365513012517408	 0.9881082233614331	 0.15003150687467118	 -0.08289522348007723
0.2959941375227228	 -0.13352756103104887	 0.945810714186509	 0.3513120453716775
0.0	 0.0	 0.0	 1.0
5 	 15	 60
0.9824548318768382	 -0.16898548614407438	 0.07890759748584097	 -0.4292139997756584
0.1391074491126264	 0.9457894876749794	 0.2934814023360778	 -0.2483454817206726
-0.12422407038093315	 -0.277355600786704	 0.9527026091083418	 0.6817559652163849
0.0	 0.0	 0.0	 1.0
5 	 16	 60
0.8199481719425163	 -0.35840395781466056	 0.44635367935530235	 -0.4707422846649843
0.24143369576975326	 0.9235175112376943	 0.2980354561247355	 -0.24576693811859893
-0.5190325263529881	 -0.13660880955736468	 0.8437673175284222	 0.6562666655197769
0.0	 0.0	 0.0	 1.0
5 	 17	 60
0.5920392812984611	 -0.33099978200938185	 0.7347983724524756	 -0.42406728445094066
0.2519948320321544	 0.9420772346403372	 0.22133490018256702	 -0.26642414275993453
-0.7654986151259281	 0.05412643373756272	 0.6411569544210415	 0.556038232726694
0.0	 0.0	 0.0	 1.0
5 	 18	 60
0.7996498709882878	 -0.23046913537865427	 0.5544764080006982	 -0.32921187373815997
0.19348250168028738	 0.9730545092998817	 0.1254170171868759	 -0.1735708692896539
-0.5684405512235224	 0.00699178784918298	 0.8226946182705103	 0.31028832774590986
0.0	 0.0	 0.0	 1.0
5 	 19	 60
0.953860953127784	 -0.17561811299371577	 0.24353151721798402	 -0.009271176074663268
0.16495736679398246	 0.9842437200677894	 0.06366577990898291	 0.0319774594212914
-0.25087523629304775	 -0.020555981145475497	 0.9678011417535557	 -0.04692450557457997
0.0	 0.0	 0.0	 1.0
5 	 20	 60
0.9553446310025725	 -0.08289553945780566	 0.2836282363433066	 0.1837608823534293
0.03211560927935179	 0.983286766648274	 0.17920859818865062	 -0.10409356621777875
-0.2937434722936895	 -0.1620970783547794	 0.9420399570589594	 -0.709626357363281
0.0	 0.0	 0.0	 1.0
5 	 25	 60
0.8390558212972892	 0.23071154310166903	 -0.492704300947715	 2.1787614164833973
-0.09725151593173223	 0.9546485366579226	 0.28140409894254875	 -0.4166972462980006
0.5352826220456881	 -0.18819751180127145	 0.8234404867992593	 0.48221344554693996
0.0	 0.0	 0.0	 1.0
5 	 26	 60
0.5641460469325817	 0.37347184026992397	 -0.7363817039530499	 2.04814334445722
-0.2108780393674411	 0.9274482693647521	 0.308820555800784	 -0.5654548478343641
0.7982916951029968	 -0.01893317954443284	 0.6019733326255797	 0.973858947495339
0.0	 0.0	 0.0	 1.0
5 	 36	 60
0.44356363572183244	 -0.5429333957493231	 0.713074095362972	 -0.49541256026788094
0.4053203937647598	 0.8311346999767302	 0.38069734936043437	 -0.7794132209485441
-0.7993539242413441	 0.12015995649863985	 0.5887231267237611	 1.2979498881827813
0.0	 0.0	 0.0	 1.0
5 	 37	 60
0.6092424734092138	 -0.509163988501315	 0.6079273535668812	 -0.8209465770623209
0.2954026181672779	 0.8571781896198942	 0.42188009113532526	 -0.6438299149639588
-0.7359082303684817	 -0.07744393559643346	 0.6726377512122033	 0.8426488988599427
0.0	 0.0	 0.0	 1.0
5 	 38	 60
0.8270248080036428	 -0.3883089742694647	 0.40650477816762753	 -0.8362073244999829
0.1821015567584422	 0.869163145146868	 0.4597765364675149	 -0.44503923360090714
-0.5318542988101376	 -0.30622144284801756	 0.7895311045995448	 0.3090561181858665
0.0	 0.0	 0.0	 1.0
5 	 39	 60
0.8523948229245543	 -0.25405162455058383	 0.4570348662984643	 -0.6805535691110868
0.0733344710675398	 0.9234836533984055	 0.37656341726311626	 -0.32797265002334336
-0.517730747005425	 -0.28746429066731366	 0.8058033798986087	 -0.014638056890849026
0.0	 0.0	 0.0	 1.0
6 	 7	 60
0.9973127597443501	 0.013735477388362989	 -0.07196246182573628	 0.44609218716630583
-0.01159885173466682	 0.9994818468636436	 0.030025063338453003	 0.07730766042447712
0.0723375828290108	 -0.02910969685439316	 0.9969553147756931	 -0.11637561257827063
0.0	 0.0	 0.0	 1.0
6 	 8	 60
0.9955839554601957	 0.05523031331686646	 0.0759092503057637	 0.7272182752664313
-0.06686117480430868	 0.9847847384275398	 0.16040127524002296	 0.0516421731837678
-0.06589526337746739	 -0.16476830870705972	 0.984128682101576	 -0.11211507698555272
0.0	 0.0	 0.0	 1.0
6 	 9	 60
0.9800003316030479	 0.19607099454879823	 0.03399220006592765	 0.7902449301362132
-0.19690783718922225	 0.9801453505249267	 0.02329008003337207	 -0.26435611192533687
-0.028750787790641594	 -0.02951761784497376	 0.9991507102357745	 -0.06374948098143465
0.0	 0.0	 0.0	 1.0
6 	 10	 60
0.9555822288155864	 0.13983195757815034	 -0.2594409813554902	 0.31135394756466533
-0.1328641963443978	 0.990144090295685	 0.04429185468734027	 -0.23346494985776933
0.26307737374393575	 -0.007854091284059044	 0.9647427744562992	 -0.014575363827152674
0.0	 0.0	 0.0	 1.0
6 	 11	 60
0.9791103953299132	 -0.04132530998046048	 -0.19908562177382425	 0.06296502884924221
0.056205916661222294	 0.9959847077686935	 0.06968067128093823	 -0.22954531181881754
0.19540665677350855	 -0.07941485946511753	 0.977501648765858	 0.11591217167476224
0.0	 0.0	 0.0	 1.0
6 	 12	 60
0.9509160625553933	 0.004713064904205691	 -0.3094130212972461	 -0.34074328231465906
0.02596290837666813	 0.9951434330092147	 0.09494986156680217	 -0.27377240843705697
0.308357840988937	 -0.09832261119664185	 0.9461755101028884	 0.3212719348205997
0.0	 0.0	 0.0	 1.0
6 	 15	 60
0.9694721912734141	 -0.23943844880142412	 0.05284772246004637	 -0.7173720446938295
0.21890800215834308	 0.9422715004532703	 0.2533845828409094	 -0.4581368873162206
-0.11046691055681816	 -0.23408050669726876	 0.9659209811752365	 0.6430127603287039
0.0	 0.0	 0.0	 1.0
6 	 16	 60
0.7989376427771079	 -0.4241593769681658	 0.4263654220951812	 -0.7825970515130733
0.3202078103429355	 0.9001041377568699	 0.2954309672053917	 -0.47760739132890023
-0.5090830960525236	 -0.09950538433419927	 0.8549462537307764	 0.6223905501413427
0.0	 0.0	 0.0	 1.0
6 	 17	 60
0.5809271273902127	 -0.3932630305527248	 0.7126484767744081	 -0.6916398454310372
0.31956002022988933	 0.9154327824415972	 0.24467154445855857	 -0.4816032150404611
-0.7486020710675025	 0.08559764680394993	 0.6574708665908222	 0.5083642509907583
0.0	 0.0	 0.0	 1.0
6 	 18	 60
0.7841489399980158	 -0.301441435661037	 0.5424421582277331	 -0.6327075857529968
0.27285116425274036	 0.9525497406253327	 0.1349120873344537	 -0.3836757059403285
-0.5573712197696591	 0.04221480284445441	 0.8291894808894512	 0.2757968292338919
0.0	 0.0	 0.0	 1.0
6 	 19	 60
0.9420425535338833	 -0.24356879068128237	 0.23071651883645153	 -0.31346461813156073
0.23953311309592176	 0.9698077769478363	 0.04579003612950265	 -0.14142559037791735
-0.2349037036925531	 0.012128084876048217	 0.9719429725640533	 -0.07732213497517547
0.0	 0.0	 0.0	 1.0
6 	 20	 60
0.9539998185183751	 -0.15002051894685384	 0.25957311091213264	 -0.10049622546344823
0.11004616773922352	 0.9805885785386537	 0.1622833361060838	 -0.23460718762664434
-0.2788802450744698	 -0.12625324658492568	 0.9519904924552972	 -0.7453472598347409
0.0	 0.0	 0.0	 1.0
6 	 21	 60
0.8146699213949722	 -0.29048555987444635	 0.501927354903718	 -0.16293695406185313
0.1859926379418837	 0.950658880787315	 0.2483030121924668	 -0.2591973634092846
-0.5492901376713493	 -0.10893020367738605	 0.8285014006301422	 -0.573559947321649
0.0	 0.0	 0.0	 1.0
6 	 24	 60
0.9975889434002171	 -0.048941745206591676	 0.04920411329211636	 1.4996161169727025
0.04212170273748658	 0.9904626643041755	 0.13118476939286772	 -0.2942996251310534
-0.055155248168769995	 -0.12879591272439858	 0.9901361157062523	 -0.10732311409008118
0.0	 0.0	 0.0	 1.0
6 	 25	 60
0.8423113120736417	 0.1657038776070103	 -0.5128877911679516	 1.875591041840721
-0.06222192984557267	 0.9751018124875223	 0.21284950582449683	 -0.45260581090334057
0.5353878109416706	 -0.14737267877784835	 0.8316496843786959	 0.4493459038723222
0.0	 0.0	 0.0	 1.0
6 	 26	 60
0.5712396384662952	 0.30732630284155177	 -0.7610754315561065	 1.7470879164887694
-0.20192869872660624	 0.9513766753349636	 0.23260953673280707	 -0.6310691485619294
0.7955564193085283	 0.020807169924623028	 0.6055221166042448	 0.9450297145156733
0.0	 0.0	 0.0	 1.0
6 	 35	 60
0.841821789503654	 -0.5393478564153904	 -0.020974421414296063	 1.0450020368992556
-0.1592299195691151	 -0.28528274934897846	 0.9451241130941319	 -3.3487409541902986
-0.5157343009148633	 -0.7922863018184392	 -0.32603757120316595	 3.3643545718609915
0.0	 0.0	 0.0	 1.0
6 	 36	 60
0.41605895600002424	 -0.5971461911575348	 0.6857925379860064	 -0.758265104384992
0.46747911103311873	 0.7873358629879132	 0.4019521187493783	 -1.028996390850949
-0.7799732319870225	 0.1533578889727626	 0.6067315273683914	 1.235376314177088
0.0	 0.0	 0.0	 1.0
6 	 37	 60
0.5915695647989698	 -0.5672976535685269	 0.572903864646498	 -1.0482141024997615
0.3626364528099985	 0.8218593393223954	 0.4393654444429877	 -0.90220186027095
-0.7200974106447122	 -0.052159390639503936	 0.6919097708741537	 0.7844741394876726
0.0	 0.0	 0.0	 1.0
6 	 38	 60
0.8165458304483685	 -0.4466305984661359	 0.365751212599397	 -1.1021358268172141
0.25940939005421326	 0.8498883066611771	 0.4586901527795371	 -0.6900424252361523
-0.5157127479696785	 -0.27966226042230474	 0.8098329449120203	 0.2568813575962982
0.0	 0.0	 0.0	 1.0
6 	 39	 60
0.8501220482641664	 -0.31489873161355003	 0.422056063978744	 -0.9410642818614826
0.1515909042144599	 0.9139146338639528	 0.37653718554737237	 -0.5448940481025896
-0.5042942652903314	 -0.2561226957479847	 0.824674717720985	 -0.06416069652246072
0.0	 0.0	 0.0	 1.0
6 	 53	 60
0.7448652029399762	 -0.23815048836216	 0.6232657467939022	 -0.8573349222674901
0.16273284673737962	 0.970764686712625	 0.1764480882522093	 -0.8310720287105303
-0.6470656110050095	 -0.030004223918481773	 0.7618437052219117	 1.5787015082427645
0.0	 0.0	 0.0	 1.0
6 	 54	 60
0.40501041009341066	 -0.3440116021902255	 0.8471260735854017	 -0.7878959324900425
0.29322857550585824	 0.9264481710631081	 0.2360313299625931	 -0.7776153479587364
-0.866015917520587	 0.15280642621414942	 0.4760951857602866	 1.4530644722535873
0.0	 0.0	 0.0	 1.0
6 	 59	 60
0.3946058108968936	 -0.5256191120216841	 0.7536648934707795	 -0.9994499252968477
0.2961840871675216	 0.8492072177955023	 0.43717511382690427	 -0.4302757595998415
-0.8698052970492788	 0.050711705312682084	 0.4907821015601868	 0.9382180708821166
0.0	 0.0	 0.0	 1.0
7 	 8	 60
0.9892668542187136	 0.036788766378543926	 0.14141320263227225	 0.3057624792708588
-0.055724051958922834	 0.9896330560763057	 0.13236798520829224	 -0.021853029174540274
-0.135077523703788	 -0.13882737180964452	 0.9810611573664919	 -0.014210653953567895
0.0	 0.0	 0.0	 1.0
7 	 9	 60
0.9776452513031542	 0.1841483698573639	 0.10148444771590671	 0.37338977795601697
-0.18471672153502047	 0.982784235576059	 -0.0038497573539948518	 -0.3387205319404555
-0.10044624457972638	 -0.014982177752592802	 0.9948296825654498	 0.01933717844339798
0.0	 0.0	 0.0	 1.0
7 	 10	 60
0.9714314772896466	 0.13263371344399802	 -0.19679719475027288	 -0.09782751292383957
-0.13364387744864586	 0.9909955101627875	 0.008198999686545395	 -0.3082696542718712
0.1961125993192923	 0.018335974705829972	 0.9804099050961876	 0.10517543232494068
0.0	 0.0	 0.0	 1.0
7 	 11	 60
0.9895625998039346	 -0.06602267586861096	 -0.1280894707835413	 -0.36637087873626895
0.07180867032192864	 0.9965718088457355	 0.04108721111015023	 -0.3183912416964779
0.1249376734674808	 -0.04985630237646362	 0.990911142666509	 0.24619186390289038
0.0	 0.0	 0.0	 1.0
7 	 15	 60
0.9578273112826546	 -0.2709347177538832	 0.09571451467941744	 -1.1006887085674033
0.24225246306089343	 0.9405430963162715	 0.23810163393030304	 -0.5899676254925943
-0.15453362868388656	 -0.20487316351201887	 0.9665124550383328	 0.8240173486027094
0.0	 0.0	 0.0	 1.0
7 	 16	 60
0.7582193768386495	 -0.4386267185760036	 0.4824002355891821	 -1.0552376394223781
0.33929132775975346	 0.897246175852542	 0.2825431857628087	 -0.5808891353495764
-0.5567627583008006	 -0.05055550472297029	 0.8291317067831308	 0.7958423898875756
0.0	 0.0	 0.0	 1.0
7 	 17	 60
0.5118495210689372	 -0.4020083719773619	 0.7592096779340198	 -1.1082421004422316
0.35194649397821953	 0.9043122704200582	 0.2415636450434952	 -0.6015858147327484
-0.7836732303612318	 0.14355694913260675	 0.6043572301260347	 0.7020604887433461
0.0	 0.0	 0.0	 1.0
7 	 18	 60
0.7435239842349889	 -0.308333061322172	 0.5933825082464763	 -1.0175335117535815
0.2992015745236784	 0.946970314362515	 0.11715664293152259	 -0.48343961247321976
-0.5980388760201845	 0.09043220714894307	 0.7963488440837677	 0.44748343623087455
0.0	 0.0	 0.0	 1.0
7 	 19	 60
0.9199371204767138	 -0.25117993290936974	 0.3010387529569745	 -0.7528758258123527
0.25781158962045914	 0.9660239913425628	 0.01818832916930185	 -0.22704412188447032
-0.2953792035685592	 0.06087915991317371	 0.9534384437204745	 0.08965749911615215
0.0	 0.0	 0.0	 1.0
7 	 20	 60
0.9381525116146828	 -0.15879876219606992	 0.30765692138012674	 -0.5133767446345265
0.12203811690422069	 0.9832500955888078	 0.1353732957267407	 -0.29641779235569504
-0.32400079230386436	 -0.08945493163834209	 0.9418181066550065	 -0.605351888558695
0.0	 0.0	 0.0	 1.0
7 	 21	 60
0.7645695691778882	 -0.31538989252750627	 0.5621055165982625	 -0.6656049203557235
0.2162615698071387	 0.9470748208137052	 0.23723448625015892	 -0.3439952926273258
-0.607177372943888	 -0.059820439655054375	 0.7923112626386775	 -0.405902796120337
0.0	 0.0	 0.0	 1.0
7 	 24	 60
0.9911340842573165	 -0.056796406879444726	 0.1201141597881891	 1.0618344270686524
0.043781398122832174	 0.9931485826051057	 0.10834722208211399	 -0.37303832766599704
-0.12544493737576523	 -0.1021278623661508	 0.9868299949962862	 -0.07451105566222178
0.0	 0.0	 0.0	 1.0
7 	 25	 60
0.8803569784139633	 0.1419474112607824	 -0.45257327803587194	 1.4758116745344514
-0.06454656620656894	 0.9811454546341427	 0.1821738870075655	 -0.5230000488932207
0.46989932755841435	 -0.13116599596534448	 0.8729204523459576	 0.44263672661534675
0.0	 0.0	 0.0	 1.0
7 	 26	 60
0.6273528504907812	 0.2945496446338294	 -0.7208806578055315	 1.3945990979564664
-0.20583177122182103	 0.9555051304757307	 0.21128955588314244	 -0.7176876206833619
0.7510404241236317	 0.015827034707526756	 0.6600665323864464	 0.9534934010551197
0.0	 0.0	 0.0	 1.0
7 	 35	 60
-0.10018548532265589	 -0.804352894158941	 0.5856443174059519	 -1.1004050354426673
-0.7682328154065965	 0.436582342017333	 0.46820311277425647	 -2.0861035430190955
-0.6322825228340585	 -0.40300403319625394	 -0.6616695234958957	 4.429015648188536
0.0	 0.0	 0.0	 1.0
7 	 36	 60
0.3486583782187262	 -0.5984869708554842	 0.7212840277490227	 -1.081914873597755
0.49258680459696613	 0.7717290449717035	 0.4022344224048708	 -1.1632774111593593
-0.7973678839556777	 0.21505262589509208	 0.5638765836866186	 1.4067512085516205
0.0	 0.0	 0.0	 1.0
7 	 37	 60
0.5318075601635142	 -0.5833019836264101	 0.6139540106584747	 -1.4172781276720428
0.3899500569929515	 0.8122091194144476	 0.4338839283214392	 -1.0332676098480145
-0.7517444377741712	 0.008668658788230489	 0.6593975830023422	 0.9829145575665781
0.0	 0.0	 0.0	 1.0
7 	 38	 60
0.7754434630214737	 -0.4777226876130675	 0.41287828135854815	 -1.4988965251757427
0.28371088309773057	 0.8477809342270866	 0.44807988652751174	 -0.8104955003464541
-0.5640882626029827	 -0.23032255358378131	 0.7929413385506568	 0.46457155816265444
0.0	 0.0	 0.0	 1.0
7 	 39	 60
0.8123676593895035	 -0.3421291844396044	 0.47223555223090974	 -1.344960131098529
0.17604345614120925	 0.915907625326439	 0.3607241087195966	 -0.6444957480328725
-0.5559383973030406	 -0.20990662480071978	 0.8042833648484009	 0.1315880231516146
