0 	 1	 66
0.9791355085452036	 -0.05667931164368728	 0.19514395150862973	 -0.48163045757997197
0.055311047658249006	 0.9983914606910522	 0.012458143324048517	 -0.0006483921405292603
-0.19553616728448642	 -0.0014045929112428389	 0.9806954603969605	 0.11385726993878956
0.0	 0.0	 0.0	 1.0
0 	 2	 66
0.85080912389038	 -0.02515296341297225	 0.5248725404957367	 -0.6496444415045348
0.07146051112197538	 0.9951126312977446	 -0.06814839091973274	 -0.015238676760510675
-0.5205931731870392	 0.09548893183392719	 0.8484483465276543	 0.12498647694198826
0.0	 0.0	 0.0	 1.0
0 	 5	 66
0.7920955972418814	 -0.026043643925101678	 0.6098412102102351	 -2.185200609276753
0.15014131795227745	 0.9767069014319251	 -0.15330099969791336	 0.06562705128091872
-0.5916436102397834	 0.21299140819257673	 0.7775554623918149	 -0.08598064942311953
0.0	 0.0	 0.0	 1.0
0 	 6	 66
0.700130545066962	 -0.13628825495270652	 0.7008871274573496	 -0.84070335885187
0.21872238063859967	 0.9753612721997869	 -0.02882624666992643	 0.0274498153788103
-0.6796894553280118	 0.17348183842775652	 0.7126894997992069	 0.22513401767135655
0.0	 0.0	 0.0	 1.0
0 	 7	 66
0.6780235817844913	 0.01019665126093276	 0.734969438676238	 -0.9160669229046802
0.026840351101629564	 0.9988934733424182	 -0.038618965830681806	 -0.03971986001951164
-0.7345499595264695	 0.045911406175179935	 0.6769996489168737	 0.45473809554282346
0.0	 0.0	 0.0	 1.0
0 	 34	 66
0.9723240628805707	 0.15360903550748675	 -0.17604015561636735	 -0.29439526176395775
-0.12772543575079306	 0.9803995666847191	 0.15000961456675635	 -0.09747852356522642
0.19563251326322628	 -0.12337315753314725	 0.972885931463877	 0.5546533341680205
0.0	 0.0	 0.0	 1.0
0 	 35	 66
0.8707656164147488	 0.2799735001315094	 -0.40420542234259743	 1.0043752842231315
-0.2058019177573316	 0.9541133717126188	 0.2175161794240403	 -0.23281912783878622
0.44655656363999346	 -0.10621936590001943	 0.8884281849154112	 0.5697002374075408
0.0	 0.0	 0.0	 1.0
0 	 36	 66
0.9873900645594583	 0.09819272632829266	 -0.12417352432114331	 0.8968963557688231
-0.08159320522390442	 0.9878391237918095	 0.1323494563187522	 -0.16677015445103824
0.13565921791647156	 -0.12054882903384163	 0.9833944285869672	 0.4107212800161245
0.0	 0.0	 0.0	 1.0
0 	 37	 66
0.9898170609827581	 0.1328853334134557	 -0.05102585703871825	 1.0351949251510721
-0.12340296841800891	 0.9797444528110658	 0.15771036765461918	 -0.1726033081951319
0.07094969592649106	 -0.1498076775590334	 0.9861662212745164	 0.4028102645663327
0.0	 0.0	 0.0	 1.0
0 	 38	 66
0.9874257501585125	 0.018658908579328937	 0.15697859779618226	 0.6234692177102814
-0.03622362453746197	 0.9932947587311641	 0.10978785878051138	 -0.07248809306163803
-0.153877494492489	 -0.11409368485218647	 0.9814806786578947	 0.3284665258000981
0.0	 0.0	 0.0	 1.0
0 	 46	 66
0.8600423694962072	 -0.08683030811129964	 0.5027799157936977	 0.22700013999804416
0.1378190511628142	 0.9883178878304365	 -0.06506679650683075	 -0.07900090372091359
-0.4912565940963213	 0.1252528501537979	 0.8619621092949349	 0.24941106940335214
0.0	 0.0	 0.0	 1.0
0 	 47	 66
0.7557300485562644	 -0.33698894893992054	 0.5615252042013621	 -0.20197108143131026
0.223577943670685	 0.9386909435194568	 0.2624350793750573	 -0.013485090373134542
-0.6155363468962779	 -0.07278542598266068	 0.7847402758050774	 0.38129303731599573
0.0	 0.0	 0.0	 1.0
0 	 48	 66
0.6767105297140552	 -0.4331986991731556	 0.5953165307881672	 -0.6168121326977561
0.19727917523659932	 0.8857018208555263	 0.4202537082610705	 0.03211146685296299
-0.70932630554775	 -0.16694655035418735	 0.6848248474830286	 0.3146880331010798
0.0	 0.0	 0.0	 1.0
0 	 49	 66
0.7102777567394926	 -0.35014092947455394	 0.6106609964113713	 -0.6762395649999157
0.20335091251128382	 0.9325890438840754	 0.2982046906236758	 -0.09963761066207222
-0.6739094243288364	 -0.08762968745031163	 0.7335987569935705	 0.5954238357443029
0.0	 0.0	 0.0	 1.0
1 	 2	 66
0.9422813876928965	 0.013237176741757645	 0.33456023718506456	 -0.1510288922638983
0.018425466100233174	 0.995653979710048	 -0.09128886019249242	 -0.022199678700507253
-0.3343146382423657	 0.0921842229133312	 0.9379423124999408	 -0.02463773562759671
0.0	 0.0	 0.0	 1.0
1 	 3	 66
0.6738121320202158	 -0.16118673438654138	 0.7211075389146485	 -0.6947469514414871
0.23463980280924918	 0.9720804217233278	 -0.0019646007400721463	 0.1506181843318216
-0.7006578261120591	 0.17052430433669413	 0.6928203942732376	 -0.17775511332396812
0.0	 0.0	 0.0	 1.0
1 	 5	 66
0.6215417832543441	 0.003114965942867667	 0.7833748202045899	 -0.25852664836650496
0.21033912430631302	 0.962608016854069	 -0.1707139834133463	 0.06112977244804151
-0.7546146477412379	 0.2708802422632504	 0.5976459059928693	 -0.16730366471855998
0.0	 0.0	 0.0	 1.0
1 	 6	 66
0.835962386100071	 -0.11410799678043003	 0.5367925839988613	 -0.33616083762997
0.18296659766462267	 0.980131309732	 -0.07658894059536393	 0.0631235140880656
-0.5173877874477659	 0.1622405838184833	 0.8402308406239668	 0.04099550335190346
0.0	 0.0	 0.0	 1.0
1 	 7	 66
0.8157553762346685	 0.06289077779859706	 0.5749677659891939	 -0.32395981888502423
-0.01551064057798593	 0.9960921215948275	 -0.08694769726493407	 -0.04149782017178001
-0.5781890709979856	 0.06200993434900941	 0.8135429792592979	 0.3108988061207716
0.0	 0.0	 0.0	 1.0
1 	 34	 66
0.9427437102740867	 0.18854230534838085	 -0.2751109905992078	 -0.1375425280883016
-0.15558139615565414	 0.9782381857916259	 0.13727513435859762	 -0.11156010455436506
0.2950062310340307	 -0.08661312312721166	 0.9515616306002408	 0.5534828586544049
0.0	 0.0	 0.0	 1.0
1 	 35	 66
0.7527580948645199	 0.3522521052078334	 -0.5561238330184567	 1.3555776109702646
-0.2570805427695341	 0.9350109358762123	 0.2442623578525567	 -0.32680755553814145
0.6060237971256087	 -0.04090185273427706	 0.7943942404094908	 0.7389192415624709
0.0	 0.0	 0.0	 1.0
1 	 36	 66
0.9377475000051774	 0.17022793604669628	 -0.30274087765583524	 1.327146120029689
-0.13238924492183599	 0.9810387795007961	 0.14154851676126862	 -0.25887646707927764
0.3210960362618411	 -0.09265713706829316	 0.9425030689027474	 0.5793411899951811
0.0	 0.0	 0.0	 1.0
1 	 37	 66
0.9465697777289843	 0.21609942199166995	 -0.2393880848559091	 1.4330522881539232
-0.18093591564817338	 0.9703142981737044	 0.1604753524081547	 -0.2622429305759558
0.26696029809441	 -0.10858722171305611	 0.9575703956319539	 0.5885643124040485
0.0	 0.0	 0.0	 1.0
1 	 38	 66
0.9928395477797125	 0.10724437026055082	 -0.052614524041560515	 1.250724743916205
-0.10097959261221953	 0.9887923217941127	 0.10996735425412864	 -0.20325237714220795
0.06381822085899072	 -0.10386694406234434	 0.9925416033226919	 0.5324917114891337
0.0	 0.0	 0.0	 1.0
1 	 45	 66
0.26972766448402613	 0.08599983118007698	 -0.9590886153223604	 2.564699713315966
-0.1255115091143499	 0.9906468792330662	 0.05353159942461388	 -0.5911312329126479
0.9547218514068008	 0.1059377010724645	 0.2779988361739675	 0.8633078020449031
0.0	 0.0	 0.0	 1.0
1 	 46	 66
0.9425136497644371	 -0.06380989843966177	 0.3280187795353544	 0.6572269351886914
0.10003144532643793	 0.9904626187786855	 -0.09474972120937872	 -0.10914626319002921
-0.31884438309012586	 0.12211509991480181	 0.9399075174583527	 0.27195562395307693
0.0	 0.0	 0.0	 1.0
1 	 47	 66
0.8632211235000552	 -0.2773670626924347	 0.42180178664761536	 -0.07371714356572845
0.19543484429338728	 0.953996631569338	 0.22736686680610535	 0.056058133067453664
-0.4654615625291045	 -0.11383312363560391	 0.8777172165191565	 0.1893060080690369
0.0	 0.0	 0.0	 1.0
1 	 48	 66
0.8139146510068194	 -0.3422244008258485	 0.4694948455296162	 -0.1572530993914666
0.16440273192422064	 0.9107390576305309	 0.3788483455284271	 0.0565901725070574
-0.5572384410192658	 -0.23116398026985055	 0.7975265183190459	 0.17471487197357918
0.0	 0.0	 0.0	 1.0
1 	 49	 66
0.839310426690834	 -0.27752697610906174	 0.4674791198570144	 -0.2772966772876323
0.16832589011009635	 0.9502902743905082	 0.2619443292686495	 -0.08750632777258148
-0.5169374768571207	 -0.14116377892181067	 0.8443034954186729	 0.43693136247140996
0.0	 0.0	 0.0	 1.0
2 	 3	 66
0.9750182768160623	 -0.12146751866977881	 0.18597030563372025	 0.2952921700970105
0.11463429386418789	 0.992290241320561	 0.04710696816966853	 0.07055190593219218
-0.19025848523869382	 -0.024611581853892145	 0.9814254533282272	 -0.029967950035501276
0.0	 0.0	 0.0	 1.0
2 	 5	 66
0.8258716676146342	 -0.06833047797160478	 0.5597025627854623	 -0.12942619050921156
0.1408101436376483	 0.9861732603063988	 -0.08737751622097949	 0.02677481764294838
-0.5459931332126393	 0.1509744108145157	 0.824074159565624	 -0.18618084330665366
0.0	 0.0	 0.0	 1.0
2 	 6	 66
0.973851108440919	 -0.13987268817867235	 0.17902408494172165	 -0.1049286956336655
0.14059519888303576	 0.9900288639037426	 0.008709472281874436	 0.08067402072619431
-0.17845722058335214	 0.01668819494497621	 0.9838061604502064	 0.01689982866725085
0.0	 0.0	 0.0	 1.0
2 	 7	 66
0.972196138717843	 0.06880071129709096	 0.22383292152088888	 -0.190427339988752
-0.07223225746780344	 0.9973620855172889	 0.007169183591178031	 -0.020562602977691993
-0.22274922987535808	 -0.023137813722485273	 0.9746011376863678	 0.2865478563720394
0.0	 0.0	 0.0	 1.0
2 	 8	 66
0.9874737250849543	 -0.0640598807746203	 0.1441943837965356	 -0.5328778752287028
0.05444571008636807	 0.9960835646086084	 0.06966490267752122	 -0.18393857118325926
-0.14809238361299462	 -0.0609414992362689	 0.9870940968685197	 0.7629715118580048
0.0	 0.0	 0.0	 1.0
2 	 35	 66
0.5014143158824447	 0.36110082481154077	 -0.7862505189579834	 1.1616756692167876
-0.18302517434178694	 0.9324456604822652	 0.3115234363557303	 -0.21861941091520876
0.8456272285190616	 -0.012298686033721666	 0.5336321887158495	 1.2590640236768795
0.0	 0.0	 0.0	 1.0
2 	 36	 66
0.9541934341099251	 0.054479431727464014	 -0.29418853448173465	 0.8699708563684841
0.006364935976857361	 0.9793631172540829	 0.20200830394885969	 -0.08600086221356971
0.29912270050181944	 -0.19462748710940866	 0.9341550977164365	 0.6794958114270356
0.0	 0.0	 0.0	 1.0
2 	 37	 66
0.7947876393838479	 0.26347441788066095	 -0.546711885366345	 1.290034964930802
-0.1340910914292042	 0.9548194652030021	 0.26521567746782115	 -0.1953403236141436
0.5918887008323862	 -0.13748094123317897	 0.7942082674260655	 1.1549274875597535
0.0	 0.0	 0.0	 1.0
2 	 38	 66
0.97244814147471	 0.06290173183289427	 -0.2244726002657371	 0.9149209579588748
-0.015817967519675225	 0.9784939852990076	 0.20566792282236235	 -0.08652807720405664
0.23258197374503334	 -0.19645069166456613	 0.9525296804816179	 0.8386429985543941
0.0	 0.0	 0.0	 1.0
2 	 45	 66
0.9780336900101916	 -0.19681124636708663	 0.06866932041916471	 0.7963262637828493
0.20646959276391172	 0.9599474250698505	 -0.18939717834281888	 -0.10114720788225857
-0.028643445860311707	 0.19941494611171764	 0.9794964223269924	 0.42171064178341977
0.0	 0.0	 0.0	 1.0
2 	 46	 66
0.9939302598122376	 -0.1011166751927313	 0.043336003745018566	 0.5793969277904177
0.10041596529541962	 0.9947816331691403	 0.018057620589834598	 -0.06832785120509662
-0.04493578978710383	 -0.013596388324106763	 0.998897354181703	 0.5072572006015978
0.0	 0.0	 0.0	 1.0
2 	 47	 66
0.9666110098700189	 -0.2172496199159353	 0.13588877547902128	 0.1467340123799651
0.16372574828136108	 0.9315479933783702	 0.32467242877308644	 0.03224584527914213
-0.19712187521060662	 -0.2915834657361697	 0.9360139200638942	 0.40398743300450485
0.0	 0.0	 0.0	 1.0
2 	 48	 66
0.9494613939009231	 -0.2466487523264544	 0.19413253736255587	 -0.10716651727492386
0.1343509269296107	 0.8783100460565313	 0.4588260061126427	 0.0996348561932165
-0.2836774209120766	 -0.40955569730554064	 0.8670589949611107	 0.16968652511633622
0.0	 0.0	 0.0	 1.0
2 	 49	 66
0.9696809532294974	 -0.1961603475615749	 0.1457393844062055	 -0.2433934741315374
0.13650580615885066	 0.9294506994129424	 0.34276454384172306	 -0.022995886065766476
-0.20269438218072902	 -0.3124779899719567	 0.92804768367679	 0.4135047955510124
0.0	 0.0	 0.0	 1.0
3 	 4	 66
0.9864309308175101	 0.007990708134816296	 0.16398231665672394	 0.2981553445413342
0.0018305867004587081	 0.9982174519325491	 -0.059654059398805644	 -0.011529092790657298
-0.164166685113214	 0.05914479265944181	 0.9846578832814687	 -0.04445198435361641
0.0	 0.0	 0.0	 1.0
3 	 5	 66
0.9978042430947233	 0.05240567304030096	 0.04050110792692585	 0.1957540341580817
-0.044632916334603354	 0.9838361213247506	 -0.17341962374413777	 -0.07469013863713828
-0.04893462556362464	 0.17123115039638637	 0.9840149091966429	 -0.08689609283174139
0.0	 0.0	 0.0	 1.0
3 	 6	 66
0.9997258718607235	 -0.01174933107869991	 -0.02025177403391207	 0.02621353616066319
0.011107135613413841	 0.999440882619528	 -0.031536545263639484	 0.022296564033058942
0.020610984226445212	 0.03130296100856025	 0.9992974091637152	 -0.03781776927350474
0.0	 0.0	 0.0	 1.0
3 	 7	 66
0.9422158567174046	 0.2631271264693319	 -0.20734856792293613	 0.7920103745906937
-0.27313006221454655	 0.9617552484399688	 -0.02065872540848408	 -0.026904300268763934
0.19398270288904576	 0.07609810296983319	 0.9780489613661155	 -0.11125649605583676
0.0	 0.0	 0.0	 1.0
3 	 38	 66
0.9971044730480119	 0.05721502732554208	 -0.050091040158447384	 0.30190337168007614
-0.048516586712912875	 0.9858720103664885	 0.16031998170109577	 -0.18777616048417267
0.05855606696824175	 -0.15742552169290328	 0.9857933040588917	 0.7778100534840621
0.0	 0.0	 0.0	 1.0
3 	 39	 66
0.9386055012680956	 0.16276073137490987	 -0.3041852521901443	 1.1582744973274255
-0.10486266744080114	 0.9745951251402307	 0.19790948331046554	 -0.44577524664394375
0.32866934421458555	 -0.15386125280256968	 0.9318278529736082	 1.257497101817211
0.0	 0.0	 0.0	 1.0
3 	 43	 66
0.8781733192040108	 -0.1509351645251754	 0.4539054501356506	 0.44185658989135124
0.16197841853664263	 0.9866845657905486	 0.014717301646128972	 -0.33563615283732684
-0.4500828374362961	 0.06059854544223353	 0.8909283042568832	 1.0044038831631852
0.0	 0.0	 0.0	 1.0
3 	 45	 66
0.8741744657842887	 -0.050598110506590736	 -0.48296879443393526	 1.6335785758281767
-0.027163026431779317	 0.987904959289844	 -0.15266275932517712	 -0.3868969594910938
0.48485172504560575	 0.14657277804305407	 0.8622268896266013	 0.621504999814143
0.0	 0.0	 0.0	 1.0
3 	 46	 66
0.9844116052958382	 0.0306705551202826	 -0.1731853312145967	 0.4731331783033137
-0.032491292141116415	 0.9994424673092211	 -0.007687423680539531	 -0.22231125498538284
0.1728529898419726	 0.013194605637417384	 0.9848592273812227	 0.6165613674963004
0.0	 0.0	 0.0	 1.0
3 	 47	 66
0.9755630970531953	 -0.15597344847380218	 0.15475434957613027	 -0.37915251096899094
0.10915862969531269	 0.9553116960066428	 0.2747071251685785	 -0.05710715797759228
-0.19068565592577455	 -0.2511013805942561	 0.948992643337598	 0.5112983631336475
0.0	 0.0	 0.0	 1.0
3 	 48	 66
0.9556581835995076	 -0.19487557903946368	 0.22077361478854143	 -0.8631299167323666
0.09064540975145761	 0.9079792042900565	 0.4090930596322605	 -0.050744959192102354
-0.28018009629377816	 -0.3709409990622644	 0.8853823084897446	 0.5976769460875504
0.0	 0.0	 0.0	 1.0
4 	 5	 66
0.9654219942082681	 0.048362966407706605	 -0.25616674607515194	 0.5958470798485875
-0.07743359453716826	 0.9914913206279935	 -0.10463746311453061	 -0.10554433868504315
0.24892653978730298	 0.12085522149918801	 0.9609524287341532	 0.03249456598628094
0.0	 0.0	 0.0	 1.0
4 	 39	 66
0.7665532466464298	 0.2600680173157507	 -0.5871633193279593	 1.1062824805644955
-0.11437416671324907	 0.9549982675803804	 0.27367281950578637	 -0.40430861287238967
0.6319135099936252	 -0.14262848032416833	 0.7618021099168545	 1.6481889983657079
0.0	 0.0	 0.0	 1.0
4 	 40	 66
0.9984624111184799	 -0.014415203808074505	 -0.0535259436797162	 -0.14138779445657737
0.02486855956682434	 0.9794571006651933	 0.20011317877857382	 -0.33657226794340156
0.049541693569196826	 -0.2011365986683116	 0.9783095837682231	 1.504860755745973
0.0	 0.0	 0.0	 1.0
4 	 41	 66
0.9163386942207714	 -0.17598990328692185	 0.35965400299071265	 -0.05745116470491476
0.10005765687436234	 0.9703763294266503	 0.21990505200280955	 -0.3376198148603658
-0.38770079889736836	 -0.16552136550903912	 0.9068025030070495	 1.341385759512463
0.0	 0.0	 0.0	 1.0
4 	 42	 66
0.9424388045365173	 -0.06800644363031906	 0.32739002163126524	 -0.09864101155241188
0.13930126502053874	 0.9699418591090613	 -0.19951928661083415	 -0.26374596268503103
-0.303980703239461	 0.23364056483587642	 0.9235842131491995	 1.2036667138478119
0.0	 0.0	 0.0	 1.0
4 	 43	 66
0.9866106784101583	 -0.10483266777481302	 0.1249377808487297	 -0.004994691182379924
0.09630160492301652	 0.9927093815894318	 0.0724854633354603	 -0.3003128359563224
-0.13162574948387445	 -0.059483226545516736	 0.9895132176342926	 1.1908256880467167
0.0	 0.0	 0.0	 1.0
4 	 46	 66
0.9820008991323906	 -0.11348982783416521	 0.15097763372017797	 -0.9083702733470375
0.11092801891718063	 0.9935060804193581	 0.025311138033040526	 -0.2168412393887691
-0.15286975300140154	 -0.008107911019210464	 0.9882130549005524	 0.9699899620508871
0.0	 0.0	 0.0	 1.0
4 	 47	 66
0.995150925106929	 -0.09298461965865432	 -0.03207020162492584	 -0.5973673638565123
0.09835599100560195	 0.9378879586959065	 0.33270447224456773	 -0.044552644476290336
-0.0008581414880397704	 -0.3342454596826551	 0.942485663048933	 0.525383941098221
0.0	 0.0	 0.0	 1.0
4 	 48	 66
0.8273692119195155	 -0.3971352068418841	 0.3971697892725622	 -1.989607003367369
0.180368496615174	 0.8575512144641012	 0.4817396943960671	 -0.19753772086224947
-0.5319092006974473	 -0.326939667977932	 0.7811421052674895	 1.2642300268411257
0.0	 0.0	 0.0	 1.0
5 	 6	 66
0.9321606466652859	 0.006254319301179279	 -0.36199090170007797	 -0.09843894289049876
0.04931107963612092	 0.9883400523029469	 0.14405678647275455	 0.0847550182760931
0.35867109851251694	 -0.15213423174256638	 0.9209832789629515	 0.160406446962461
0.0	 0.0	 0.0	 1.0
5 	 7	 66
0.9282163230935838	 0.20078347679716893	 -0.3132098611723677	 -0.3433986304856643
-0.16583784541403304	 0.9769002986563537	 0.13477238926184618	 0.03665501541982213
0.3330348585524558	 -0.07315588886200594	 0.9400723602198275	 0.34421808577953716
0.0	 0.0	 0.0	 1.0
5 	 38	 66
0.5943462126795629	 0.3239259317307634	 -0.7360873544280533	 0.7493996303104576
-0.05851535890667506	 0.9302859386159683	 0.3621382125267015	 -0.022532099716725026
0.8020776155056114	 -0.17216304182974326	 0.5718665704970781	 1.5168716958252175
0.0	 0.0	 0.0	 1.0
5 	 39	 66
0.9119329886507407	 0.13026156478725062	 -0.3891146125170608	 1.2498434797684084
0.004996625090982481	 0.9446801450420808	 0.3279550154787179	 -0.042253287847811564
0.41030877774068514	 -0.3010172518790699	 0.8608340712555131	 1.3293984163731523
0.0	 0.0	 0.0	 1.0
5 	 43	 66
0.9093468115272578	 -0.2002845863704954	 0.3646565905689692	 0.2824600854864097
0.145412253354953	 0.9742227706987906	 0.1724681175226043	 0.0012041218621760216
-0.3897994399424449	 -0.10380780153337703	 0.9150302595461325	 1.0980596175126556
0.0	 0.0	 0.0	 1.0
5 	 45	 66
0.8526867471722316	 -0.11768630099895476	 -0.5089943554022054	 1.4637101825669303
0.11455618760571963	 0.9927042970717789	 -0.03761761621323623	 -0.07659525557231182
0.50970796951188	 -0.02623241035472138	 0.8599474734570617	 0.7476509213462804
0.0	 0.0	 0.0	 1.0
5 	 46	 66
0.8533868491984088	 0.06651773181353983	 -0.5170167287500704	 0.20316140982088135
0.024114646418031106	 0.9857255757926221	 0.16662391723410905	 -0.038804615159077294
0.5207200700541776	 -0.15466233291350504	 0.8396011887051176	 0.9867730803056115
0.0	 0.0	 0.0	 1.0
5 	 47	 66
0.8495631825695118	 -0.36937783675894575	 0.3765666453565191	 -1.4236923073943917
0.1735224749228425	 0.8698593670379999	 0.46177332449880537	 -0.06141292774864581
-0.4981288761347775	 -0.3269628399301974	 0.8030958356976188	 1.5913724152846052
0.0	 0.0	 0.0	 1.0
5 	 48	 66
0.7809829381540364	 -0.45321021895178815	 0.4297279826473123	 -1.9046602223948672
0.13804231660049396	 0.7963014394198663	 0.588938296650824	 -0.023742713769596493
-0.6091058401531696	 -0.4006301291236049	 0.6844600335709933	 1.3229593123244288
0.0	 0.0	 0.0	 1.0
5 	 49	 66
0.53370374891111	 -0.512667553278013	 0.6725565358166423	 -2.0333157414889036
0.18478826850149518	 0.8467722714357665	 0.4988286121770794	 -0.17199192713692912
-0.8252355008982133	 -0.14194612904597131	 0.5466604839682537	 2.2566089348453997
0.0	 0.0	 0.0	 1.0
6 	 7	 66
0.9767843101601508	 0.21088729010950744	 0.03766864274003985	 -0.13810927760533434
-0.2106499485202708	 0.9775082873296194	 -0.010207547248837514	 -0.07765815812941596
-0.03897405280889652	 0.002035676367435445	 0.9992381565314826	 0.2480315355769214
0.0	 0.0	 0.0	 1.0
6 	 35	 66
0.9274630001968266	 0.21844897387593706	 -0.30346735873516084	 0.5044975238182507
-0.14580204895742607	 0.9586341708384964	 0.24446334568058298	 -0.2561720637091296
0.34431694222922243	 -0.18248455287091145	 0.9209480316984293	 0.8530277645223134
0.0	 0.0	 0.0	 1.0
6 	 36	 66
0.9929528897228642	 0.05862404054394355	 -0.10299420763286708	 0.18706692091518462
-0.038155861481262	 0.9809460347356354	 0.19049661693065228	 -0.15857208174638623
0.11219944274315899	 -0.185224324364369	 0.9762700869630787	 0.5932044548038249
0.0	 0.0	 0.0	 1.0
6 	 37	 66
0.8324324510375651	 0.3201756131338705	 -0.4522651917405497	 0.9812301984605293
-0.200202937679205	 0.9348214068799232	 0.29330489070591337	 -0.35208291374887224
0.5166962445427391	 -0.15361169785063317	 0.8422757741477099	 1.0512853541292737
0.0	 0.0	 0.0	 1.0
6 	 38	 66
0.9429768901233725	 0.1920857024166293	 -0.27184126988158286	 0.757765181715792
-0.12915192732256425	 0.9638488522791948	 0.23305623362203148	 -0.26991760505237095
0.3067806631495566	 -0.18465782574901454	 0.9336954312019149	 0.9308298564534686
0.0	 0.0	 0.0	 1.0
6 	 39	 66
0.9966080261172255	 0.06065888194253893	 -0.05561446183497097	 0.7722418033078797
-0.04972140762378731	 0.9823308560869397	 0.1804267839652856	 -0.37631790609584986
0.06557629014267859	 -0.1770495432089102	 0.9820148969489179	 1.2802652890882091
0.0	 0.0	 0.0	 1.0
6 	 44	 66
0.9962106952351204	 -0.04452411600621838	 0.07471214263546115	 1.0416112860834625
0.042773796975118336	 0.9987752784574963	 0.024867075500137125	 -0.254569562966266
-0.07572782552227189	 -0.021577121268978147	 0.9968950174558964	 0.49714892926144005
0.0	 0.0	 0.0	 1.0
6 	 45	 66
0.9796932438101448	 -0.08000908998903294	 -0.183846833110153	 0.8357216757677699
0.04822658643249937	 0.984045110046172	 -0.1712582820564837	 -0.33080975353223063
0.19461581348654758	 0.15891427973200964	 0.9679209563435276	 0.625591914597314
0.0	 0.0	 0.0	 1.0
6 	 46	 66
0.9893384918180566	 0.0426363010639684	 -0.13925352375246114	 0.5210013141695918
-0.039972811921770324	 0.9989614274060554	 0.021869313213224596	 -0.22774753170907744
0.14004132776107614	 -0.016069795041612774	 0.9900152225049921	 0.647640607412423
0.0	 0.0	 0.0	 1.0
6 	 47	 66
0.9996798536179577	 -0.011458389117357502	 -0.02255871425160334	 0.19189900692633097
0.018074267132165842	 0.9473212088913799	 0.31977468196955927	 -0.07689268026346571
0.01770624573456308	 -0.3200800394895996	 0.9472250294195329	 0.4398833605428946
0.0	 0.0	 0.0	 1.0
6 	 48	 66
0.9992509652415349	 0.023183581538954792	 0.030984351044576336	 0.37403653594677166
-0.034496258253096754	 0.8964851303370205	 0.441728896981378	 -0.1499040076341951
-0.017536152097769996	 -0.44246687085915865	 0.8966133786299508	 0.7023599793766279
0.0	 0.0	 0.0	 1.0
6 	 49	 66
0.9998806313359245	 0.005104438461711543	 0.014584509159200253	 -0.2091538346891723
-0.009707856504193984	 0.9418431718534223	 0.33591247363293447	 -0.07887898854980843
-0.012021670874132044	 -0.3360139644385533	 0.941780255334819	 0.36658759434795835
0.0	 0.0	 0.0	 1.0
7 	 37	 66
0.867522060499843	 0.08749314385088547	 -0.4896431820328565	 1.1025624782656662
0.0024938766972323057	 0.9836302872273709	 0.18018100749235758	 0.005667921551005293
0.49739247786733504	 -0.15753210614871563	 0.8531027737058915	 0.7970967826225659
0.0	 0.0	 0.0	 1.0
7 	 38	 66
0.8600094018740818	 0.0674836648700571	 -0.505796208765721	 1.0471049550292657
0.02228466504859294	 0.9853038584910546	 0.1693506920475067	 -0.019058392268480603
0.5097913733143574	 -0.1569146840098313	 0.8458667282605222	 0.9069141101233439
0.0	 0.0	 0.0	 1.0
7 	 39	 66
0.97862569508312	 -0.13254585581462422	 -0.15723661838861092	 1.152930595757034
0.15748812819627994	 0.9747119256520957	 0.158537534240428	 -0.011532224622077921
0.13224692463272142	 -0.17991180634401407	 0.9747525156913023	 0.9442729207872698
0.0	 0.0	 0.0	 1.0
7 	 44	 66
0.963316287260143	 -0.266879137969302	 0.028235549719269844	 0.995801232932894
0.2662273855834462	 0.9635904576198242	 0.02482736068122284	 0.07436055542741483
-0.0338334116376727	 -0.01639952552263123	 0.9992929285291369	 0.42981243729960933
0.0	 0.0	 0.0	 1.0
7 	 45	 66
0.9517904383701268	 -0.29386710340344513	 -0.0879609761164905	 0.8475318124610264
0.2738833014691458	 0.9432609407578849	 -0.18774103451732865	 -0.05232306020090385
0.13814106954776326	 0.15459907379353174	 0.9782720239196356	 0.31452535092504547
0.0	 0.0	 0.0	 1.0
7 	 46	 66
0.9732193834755286	 -0.17923526569610795	 -0.14393999695086346	 0.6162363882194838
0.18063337521499293	 0.9835446161537276	 -0.0034040024486362086	 0.005762448859320739
0.1421815292717441	 -0.022687525169603016	 0.9895805819736335	 0.36799155568835595
0.0	 0.0	 0.0	 1.0
7 	 47	 66
0.971729573953983	 -0.20807044631828212	 -0.11157197465203754	 0.30062205881042275
0.2330247663493472	 0.9212201559565827	 0.3115331662627789	 0.057509930380459026
0.03796150360001118	 -0.328725043438155	 0.9436624103205415	 0.256802212583606
0.0	 0.0	 0.0	 1.0
7 	 48	 66
0.9730614440370666	 -0.22725900945764563	 -0.03879086486343693	 -0.26082846915159796
0.22014974469618756	 0.8659791386192462	 0.44901467600297124	 0.01877893286783099
-0.06845055538885624	 -0.4454586754900713	 0.8926819596705403	 0.14812117261863175
0.0	 0.0	 0.0	 1.0
7 	 49	 66
0.9783912196812767	 -0.18710527104444885	 -0.08798988485374565	 -0.08763828016091062
0.20593046896610642	 0.9199462118927857	 0.33360401576059884	 -0.015823754328527034
0.018526888203739798	 -0.34451505820017564	 0.9385979462439004	 0.1133138188838761
0.0	 0.0	 0.0	 1.0
8 	 37	 66
0.6796615265544363	 0.34223464020422706	 -0.6487955533975086	 1.7617780552555786
-0.21876577787367377	 0.938809609747059	 0.26604141603949233	 -0.19331130483502781
0.7001441270598282	 -0.03888384264968122	 0.7129419646815528	 0.7030813425052439
0.0	 0.0	 0.0	 1.0
8 	 38	 66
0.8388230666284829	 0.23293673508247326	 -0.49205319718998547	 1.6077384937233947
-0.1457014517040406	 0.9669235687973048	 0.20935597545064297	 -0.11978589105270403
0.5245445385943549	 -0.10391975641817323	 0.845016995488422	 0.5241468620172777
0.0	 0.0	 0.0	 1.0
8 	 39	 66
0.9989602055584299	 -0.018425776755506985	 -0.041701611741298834	 1.3920686441663417
0.024470348986756724	 0.9884689989513001	 0.1494328998347193	 -0.16968162799064074
0.03846733369472838	 -0.15029797753750437	 0.9878921159866602	 0.5733831091881378
0.0	 0.0	 0.0	 1.0
8 	 44	 66
0.9779816825841727	 -0.14628800639034314	 0.1488341387153445	 1.197294699416201
0.15042216209150405	 0.9884782836456824	 -0.016848335813107327	 -0.001017765576566094
-0.1446546035975752	 0.038865318992439564	 0.9887186021317416	 -0.0015386527558269689
0.0	 0.0	 0.0	 1.0
8 	 45	 66
0.9795287354158679	 -0.1395854800110545	 -0.14504927809488535	 1.4507827427080675
0.10319804124493583	 0.9668570903489397	 -0.23353273723497722	 -0.05357017116363318
0.17283970101209875	 0.21378323527636317	 0.9614692507949057	 -0.08559638767015111
0.0	 0.0	 0.0	 1.0
8 	 46	 66
0.9946070338605919	 -0.01816390493443286	 -0.10211252485693423	 1.0899242129299733
0.015954526899652197	 0.999621507215888	 -0.022411994700745032	 0.0003559220512416664
0.10248096618682509	 0.020661974890710824	 0.9945203415803433	 -0.08952468745121174
0.0	 0.0	 0.0	 1.0
8 	 47	 66
0.9938410684674422	 -0.10656741788404295	 0.030385805803619093	 0.7085181906984395
0.09412067893269538	 0.9564988959651004	 0.2761362015291002	 0.13521798269005827
-0.05849110884690463	 -0.2715755556187113	 0.9606380543555162	 -0.20973835179047656
0.0	 0.0	 0.0	 1.0
8 	 48	 66
-0.15461330726864198	 0.9879749155902963	 0.0004958038270801846	 1.5429087585240302
-0.9865591161469424	 -0.15441856038916274	 0.05344130543352526	 -0.6612118529550146
0.05287523053793547	 0.007773597192404486	 0.9985708693188111	 0.9894790482737955
0.0	 0.0	 0.0	 1.0
8 	 49	 66
0.9929054449032898	 -0.10123240110132616	 0.06237642488410687	 0.27554317423022207
0.07877359215150086	 0.9529621929277917	 0.29267349548173394	 0.12872488686900133
-0.08907041388803556	 -0.2856834958028768	 0.954175745787593	 -0.3085633677657068
0.0	 0.0	 0.0	 1.0
8 	 50	 66
0.9890195390642982	 -0.03452254459728245	 0.14369618111307214	 -0.1281612738043419
0.043270034446063435	 0.997366703127795	 -0.05820108079781947	 -0.02485639124799649
-0.14130853417292122	 0.06377973754920532	 0.9879089119994365	 0.0815439911167129
0.0	 0.0	 0.0	 1.0
8 	 51	 66
0.9940399322404593	 0.013011931938285077	 0.10823740612815559	 -0.4555277051350918
-0.006733769995041455	 0.9982841097201042	 -0.05816813404721827	 -0.05002770712940264
-0.10880855791372816	 0.057092601670481406	 0.992421828751927	 0.29756312920456796
0.0	 0.0	 0.0	 1.0
9 	 10	 66
0.9985942215380883	 -0.05157641375552694	 -0.012226199350252666	 -0.4107274206241588
0.052997147040534216	 0.9756589167002672	 0.21279316927140846	 -0.05971477247239988
0.0009534918776363613	 -0.21314198318508962	 0.9770207960756582	 0.5527208767464024
0.0	 0.0	 0.0	 1.0
9 	 51	 66
0.9977656576201054	 -0.018360976408461585	 -0.0642384476298223	 0.306129929044436
0.027435806368896486	 0.9892879895066609	 0.14337535302964172	 0.05199948660787193
0.06091781411023505	 -0.14481743621313847	 0.9875813296383048	 -0.0834548324949348
0.0	 0.0	 0.0	 1.0
9 	 52	 66
0.9900181716532335	 -0.11600188002432273	 0.08004738510110133	 -0.25252049129296467
0.10238088507868306	 0.9822456230565222	 0.15719942599458842	 0.006541151312798766
-0.09686162046044282	 -0.1474349606030513	 0.9843174362847433	 0.24534774118732777
0.0	 0.0	 0.0	 1.0
9 	 53	 66
0.9794847599260531	 -0.10664560201393945	 0.1709864800934218	 -0.5854342560488857
0.08156207966864235	 0.9856849056620344	 0.14755641000299508	 -0.05702636833684874
-0.18427504172147596	 -0.13058323656749457	 0.9741615355182028	 0.5827109704864326
0.0	 0.0	 0.0	 1.0
10 	 11	 66
0.9839392065477313	 -0.026403088836914793	 -0.17654053532113093	 0.1432829757181345
0.013070430765002845	 0.9970021033744114	 -0.0762625149942019	 -0.10544546420994917
0.17802485450627673	 0.07273022139581015	 0.9813345215834891	 0.41650301743680834
0.0	 0.0	 0.0	 1.0
10 	 51	 66
0.9950982032340551	 0.031033665847862817	 -0.09389618645597246	 0.31509574776462873
-0.03724014491888869	 0.9971845592942419	 -0.06508582990921717	 0.07737081032515322
0.09161197388570491	 0.06826349290324282	 0.9934522196835404	 -0.2041591908501127
0.0	 0.0	 0.0	 1.0
10 	 52	 66
0.9904477121926778	 -0.07098990639486083	 0.11821091906236177	 0.04184511339424574
0.07786020961840803	 0.9954709374154849	 -0.054547228445911235	 0.0943451224046694
-0.11380322738935199	 0.06323010408447699	 0.9914891562135906	 -0.24050668493768457
0.0	 0.0	 0.0	 1.0
10 	 53	 66
0.9869540614363786	 -0.048494477130077956	 0.15352529731013756	 -0.11661678541074602
0.0599206201536985	 0.9956967915004903	 -0.07069260296328171	 -0.005538120691692971
-0.14943643698265205	 0.07896968477819252	 0.9856127495932687	 0.03960183498589888
0.0	 0.0	 0.0	 1.0
10 	 54	 66
0.9985442382543951	 0.0017495177178080382	 -0.05391075495054522	 -0.07991478731160423
-0.01319081817001618	 0.9770469164024241	 -0.21261532726085267	 -0.18487587518491827
0.05230136322709559	 0.2130169371786272	 0.9756476832944666	 0.35928760192577924
0.0	 0.0	 0.0	 1.0
11 	 12	 66
0.9637714611699271	 0.043803717930643	 -0.26310791718316706	 -0.0187766564685656
-0.10316640716698303	 0.9708686165265675	 -0.21626558450284492	 -0.12749487677992036
0.24596997159833076	 0.2355745022785271	 0.9402145826514025	 0.15836810017708713
0.0	 0.0	 0.0	 1.0
11 	 52	 66
0.974371173277325	 -0.038724918464929974	 0.22158779724072394	 -0.6451265616991172
0.03310764301662297	 0.9990306840629161	 0.029009932547090136	 0.016213537476974186
-0.22249641592995453	 -0.020930193278264227	 0.9747087905468179	 -0.06918847333240087
0.0	 0.0	 0.0	 1.0
11 	 53	 66
0.9429545160765032	 -0.010164090323636774	 0.3327663911141836	 -0.3391868541649008
0.008240270397112458	 0.9999401841830535	 0.007192078951352052	 0.062142737508385684
-0.33281958736072376	 -0.004039718288631736	 0.9429818673343915	 -0.3263227912630979
0.0	 0.0	 0.0	 1.0
11 	 54	 66
0.9936553773169582	 0.053978537263474985	 0.09866774343120273	 -0.19679213446639382
-0.04074806572987795	 0.9904780373570065	 -0.1315021550647797	 -0.07764460769519851
-0.10482652528589244	 0.12664731030420762	 0.9863933822393594	 -0.0031222823306386654
0.0	 0.0	 0.0	 1.0
11 	 55	 66
0.9904968688268739	 0.04733343521962088	 -0.1291338213081427	 -0.09807917268914078
-0.056089129459167386	 0.9963057562478209	 -0.0650297150131509	 -0.09556335783602911
0.12557869531200552	 0.07165473312584532	 0.9894925752438606	 0.021401858274389094
0.0	 0.0	 0.0	 1.0
12 	 54	 66
0.941667441737683	 -0.030406090525653514	 0.3351684465127686	 -0.2086005843120694
-0.00569034823953709	 0.9943294006527021	 0.10619163840211221	 0.01459318691840807
-0.33649671297756656	 -0.10190443450245913	 0.9361546016946133	 -0.04113824235120347
0.0	 0.0	 0.0	 1.0
12 	 55	 66
0.9752851275721702	 -0.061321426437161125	 0.21227012572572085	 -0.32248437794226287
0.026668816533611868	 0.9863623712250961	 0.16241312506903186	 -0.0007215336332030687
-0.21933466779933952	 -0.15273811032982423	 0.9636199550101888	 -0.0929245130064828
0.0	 0.0	 0.0	 1.0
12 	 56	 66
0.9574197827307582	 0.07106871796803664	 -0.279815358577999	 -0.22757334651681188
0.053581515272026224	 0.9086453121177077	 0.4141168342430762	 0.07087172326082229
0.28368365431697906	 -0.4114765698597174	 0.8661469790027178	 -0.060441200701021505
0.0	 0.0	 0.0	 1.0
13 	 14	 66
0.9935584565351373	 0.022686565108182934	 0.111026682092289	 0.9468766292888309
-0.007630427976644775	 0.9909253050519671	 -0.1341967131694519	 -0.6767768033867446
-0.1130636152330586	 0.13248509742385706	 0.9847153246997421	 -0.24704745285201582
0.0	 0.0	 0.0	 1.0
13 	 15	 66
0.9940146610847804	 -0.014825425372641856	 0.10823620760912707	 0.6381921317665558
0.0017193329778135327	 0.9927494571971399	 0.12018983839675958	 -0.6437106488480179
-0.10923329874177011	 -0.1192843712886517	 0.9868329630932776	 -0.0898476892396325
0.0	 0.0	 0.0	 1.0
13 	 54	 66
-0.7778605123386927	 -0.10845684681366036	 0.6190073983390966	 -1.52840704625519
-0.09596228906809212	 -0.9529445884427503	 -0.2875549442225701	 1.3604022476067021
0.621067054659964	 -0.2830789982527821	 0.7308501988830371	 1.4787493550079551
0.0	 0.0	 0.0	 1.0
13 	 55	 66
0.738431675077611	 -0.0855453836523972	 0.6688801484121877	 -0.5744076186535084
0.1424662201194445	 0.9893218419416449	 -0.03075237372391238	 0.015840068918008245
-0.6591070248367694	 0.11800135444515264	 0.7427338639496914	 0.02940640534415488
0.0	 0.0	 0.0	 1.0
